	000	0
	000	1
	000	11
	000	135
	000	1370
	000	1380
	000	1391
	001	0
	001	1
	001	11
	001	169
	001	275
	001	381
	0010	0
	0010	1
	0010	11
	0010	22
	0010	584
	0011	0
	0011	1
	0011	11
	0011	142
	0011	271
	0011	300
	0011	314
	0012	0
	0012	1
	0012	11
	0012	1651
	0012	1677
	0012	2051
	0012	2156
	0013	0
	0013	1
	0013	12
	0013	1645
	0014	0
	0014	1
	0014	11
	0014	1557
	0015	0
	0015	1
	0015	11
	0015	24
	0015	354
	0016	0
	0016	1
	0016	11
	0016	34
	0016	72
	0016	96
	0017	0
	0017	1
	0017	11
	0017	125
	0017	1750
	0017	1778
	0017	1858
	0018	0
	0018	1
	0018	11
	0018	137
	0018	317
	0019	0
	0019	1
	0019	20
	002	0
	002	1
	002	11
	002	207
	0020	0
	0020	1
	0020	12
	0020	24
	0021	0
	0021	1
	0021	11
	0021	35
	0022	0
	0022	1
	0022	11
	0022	254
	0023	0
	0023	1
	0023	11
	0023	265
	0023	393
	0024	0
	0024	1
	0024	13
	0024	45
	0024	67
	0025	0
	0025	1
	0025	11
	0025	46
	0025	56
	0026	0
	0026	1
	0026	12
	0026	217
	0026	757
	0026	768
	0027	0
	0027	1
	0027	11
	0027	23
	0027	307
	0028	0
	0028	1
	0028	11
	0028	115
	0028	3221
	0028	3234
	0029	0
	0029	1
	0029	12
	0029	290
	003	0
	003	1
	003	12
	003	494
	0030	0
	0030	1
	0030	12
	0030	25
	0030	276
	0031	0
	0031	1
	0031	102
	0031	225
	0032	0
	0032	1
	0032	11
	0032	25
	0032	295
	0032	312
	0032	395
	0032	417
	0033	0
	0033	1
	0033	11
	0033	225
	0033	3107
	0033	3141
	0033	3302
	0033	3319
	0033	3420
	0034	0
	0034	1
	0034	11
	0034	136
	0035	0
	0035	1
	0035	11
	0035	340
	0035	387
	0036	0
	0036	1
	0036	11
	0037	0
	0037	1
	0037	11
	0037	35
	0037	47
	0037	511
	0038	0
	0038	1
	0038	11
	0038	210
	0038	220
	0039	0
	0039	1
	0039	11
	0039	118
	0039	240
	0039	251
	004	0
	004	1
	004	11
	004	21
	004	48
	0040	0
	0040	1
	0040	11
	0040	174
	0040	185
	0041	0
	0041	1
	0041	124
	0042	0
	0042	1
	0042	12
	0042	1435
	0042	1474
	0042	3929
	0042	3967
	0043	0
	0043	1
	0043	11
	0043	254
	0043	266
	0044	0
	0044	1
	0044	11
	0044	51
	0045	0
	0045	1
	0045	11
	0045	276
	0045	290
	0045	303
	0045	476
	0046	0
	0046	1
	0046	11
	0046	2894
	0046	2910
	0047	0
	0047	1
	0047	1082
	0047	1092
	0047	1112
	0047	1124
	0047	3724
	0048	0
	0048	1
	0048	11
	0049	0
	0049	1
	0049	22
	005	0
	005	1
	005	11
	005	140
	005	151
	005	250
	0050	0
	0050	1
	0050	11
	0050	26
	0050	306
	0050	322
	0050	481
	0051	0
	0051	1
	0051	11
	0051	1619
	0052	0
	0052	1
	0052	11
	0052	236
	0053	0
	0053	1
	0053	104
	0053	232
	0054	0
	0054	1
	0054	11
	0054	46
	0054	92
	0055	0
	0055	1
	0055	30
	0055	54
	0056	0
	0056	1
	0056	13
	0056	223
	0056	314
	0057	0
	0057	1
	0057	11
	0057	229
	0057	376
	0058	0
	0058	1
	0058	11
	0059	0
	0059	1
	0059	11
	0059	32
	006	0
	006	1
	006	13
	006	1307
	006	1387
	006	1444
	006	1458
	0060	0
	0060	1
	0060	11
	0061	0
	0061	1
	0061	15
	0061	266
	0062	0
	0062	1
	0062	13
	0062	154
	0063	0
	0063	1
	0063	11
	0063	23
	0063	38
	0064	0
	0064	1
	0064	11
	0064	143
	0065	0
	0065	1
	0065	11
	0065	87
	0066	0
	0066	1
	0066	11
	0066	31
	0067	0
	0067	1
	0067	11
	0067	144
	0068	0
	0068	1
	0068	11
	0068	30
	0069	0
	0069	1
	0069	12
	0069	75
	0069	92
	007	0
	007	1
	007	12
	007	171
	007	2420
	007	2767
	007	4000
	007	4076
	0070	0
	0070	1
	0070	11
	0071	0
	0071	1
	0071	16
	0071	35
	0072	0
	0072	1
	0072	11
	0072	84
	0073	0
	0073	1
	0073	123
	0073	1428
	0074	0
	0074	1
	0074	11
	0074	112
	0074	1564
	0074	3166
	0075	0
	0075	1
	0075	11
	0076	0
	0076	1
	0076	11
	0077	0
	0077	1
	0077	11
	0077	168
	0077	409
	0078	0
	0078	1
	0078	11
	0079	0
	0079	1
	0079	11
	0079	34
	008	0
	008	1
	008	1050
	008	2758
	008	3067
	0080	0
	0080	1
	0080	11
	0080	65
	0081	0
	0081	1
	0081	108
	0082	0
	0082	1
	0082	11
	0083	0
	0083	1
	0083	14
	0084	0
	0084	1
	0084	11
	0084	241
	0085	0
	0085	1
	0085	15
	0085	59
	0085	70
	0085	83
	0086	0
	0086	1
	0086	11
	0087	0
	0087	1
	0087	11
	0087	31
	0088	0
	0088	1
	0088	11
	0089	0
	0089	10
	0089	92
	009	0
	009	1
	009	11
	009	269
	009	281
	0090	0
	0090	1
	0090	11
	0090	39
	0090	62
	0091	0
	0091	1
	0091	13
	0092	0
	0092	1
	0092	11
	0093	0
	0093	1
	0093	11
	0093	47
	0094	0
	0094	1
	0094	11
	0095	0
	0095	1
	0095	11
	0095	411
	0095	429
	0095	448
	0096	0
	0096	1
	0096	11
	0096	31
	0097	0
	0097	1
	0097	11
	0098	0
	0098	1
	0098	11
	0099	0
	0099	1
	0099	15
	0099	45
	0100	0
	0100	1
	0100	11
	0100	1851
	0100	3637
	0101	0
	0101	1
	0101	11
	0101	89
	0102	0
	0102	1
	0102	12
	0102	272
	0103	0
	0103	1
	0103	11
	0103	41
	0103	52
	0104	0
	0104	1
	0104	12
	0104	88
	0105	0
	0105	1
	0105	11
	0105	35
	0106	0
	0106	1
	0106	11
	0106	33
	0107	0
	0107	1
	0107	13
	0107	42
	0108	0
	0108	1
	0108	14
	0109	0
	0109	1
	0109	11
	0110	0
	0110	1
	0110	11
	0111	0
	0111	1
	0111	11
	0111	165
	0112	0
	0112	1
	0112	20
	0113	0
	0113	1
	0113	13
	0114	0
	0114	1
	0114	12
	0115	0
	0115	1
	0115	16
	0116	0
	0116	11
	0117	0
	0117	1
	0117	11
	0118	0
	0118	1
	0118	12
	0119	0
	0119	1
	0120	0
	0120	1
	0120	11
	0121	0
	0121	1
	0121	11
	0122	0
	0122	1
	0122	11
	0123	0
	0123	1
	0123	11
	0124	0
	0124	1
	0124	11
	0125	0
	0125	1
	0126	0
	0126	1
	0126	13
	0127	0
	0127	10
	0128	0
	0128	1
	0128	11
	0129	0
	0129	1
	0129	11
	0130	0
	0130	1
	0130	11
	0131	0
	0131	1
	0131	11
	0132	0
	0132	1
	0132	15
	0132	234
	0133	0
	0133	1
	0133	11
	0133	38
	0134	0
	0134	1
	0134	12
	0134	40
	0135	0
	0135	1
	0135	14
	0136	0
	0136	1
	0136	11
	0136	163
	0136	1811
	0136	2338
	0137	0
	0137	1
	0137	11
	0137	22
	0138	0
	0138	1
	0138	13
	0138	25
	0139	0
	0139	1
	0139	11
	0139	128
	0139	217
	0140	0
	0140	1
	0140	11
	0141	0
	0141	1
	0141	28
	0142	0
	0142	1
	0142	13
	0142	26
	0143	0
	0143	1
	0143	13
	0143	33
	0144	0
	0144	1
	0144	11
	0145	0
	0145	1
	0145	11
	0146	0
	0146	1
	0146	11
	0147	0
	0147	1
	0148	0
	0148	1
	0149	0
	0149	1
	0150	0
	0150	1
	0150	13
	0151	0
	0151	11
	0152	0
	0152	1
	0152	11
	0153	0
	0153	1
	0153	11
	0154	0
	0154	1
	0155	0
	0155	12
	0156	0
	0156	11
	0157	0
	0157	1
	0157	14
	0158	0
	0158	2
	0159	0
	0159	1
	0159	11
	0160	0
	0160	10
	0161	0
	0161	1
	0161	13
	0162	0
	0162	1
	0162	12
	0163	0
	0163	10
	0164	0
	0164	1
	0164	11
	0165	0
	0165	10
	0166	0
	0166	10
	0167	0
	0167	1
	0167	11
	0168	0
	0168	10
	0169	0
	0169	1
	0169	12
	0170	0
	0170	1
	0170	11
	0171	0
	0171	1
	0171	14
	0172	0
	0172	1
	0172	11
	0173	0
	0173	1
	0173	11
	0174	0
	0174	1
	0174	17
	0174	36
	0175	0
	0175	10
	0176	0
	0176	1
	0176	11
	0177	0
	0177	10
	0178	0
	0178	1
	0179	0
	0179	12
	0180	0
	0180	1
	0181	0
	0181	10
	0181	37
	0182	0
	0182	10
	0183	0
	0183	10
	0184	0
	0184	1
	0184	14
	0184	62
	0185	0
	0185	1
	0185	13
	0186	0
	0186	10
	0187	0
	0187	1
	0187	11
	0188	0
	0188	11
	0189	0
	0189	1
	0189	11
	0190	0
	0190	10
	0191	0
	0191	13
	0192	0
	0192	19
	0193	0
	0193	11
	0194	0
	0194	11
	0194	22
	0195	0
	0195	10
	0196	0
	0196	10
	0197	0
	0197	2
	0198	0
	0198	2
	0198	24
	0199	0
	0199	1
	0200	0
	0200	11
	0201	0
	0201	2
	0202	0
	0202	1
	0202	11
	0203	0
	0203	10
	0204	0
	0204	11
	0205	0
	0205	1
	0205	16
	0206	0
	0206	10
	0206	62
	0207	0
	0207	1
	0207	15
	0208	0
	0208	1
	0209	0
	0209	1
	0209	11
	0210	0
	0210	1
	0210	15
	0211	0
	0211	1
	0211	11
	0212	0
	0212	1
	0212	12
	0213	0
	0213	1
	0213	11
	0214	0
	0214	10
	0215	0
	0215	1
	0215	11
	0216	0
	0216	10
	0217	0
	0217	1
	0217	11
	0218	0
	0218	1
	0218	16
	0219	0
	0219	1
	0219	16
	0220	0
	0220	10
	0221	0
	0221	17
	0222	0
	0222	1
	0222	11
	0223	0
	0223	10
	0224	0
	0224	1
	0224	11
	0225	0
	0225	2
	0226	0
	0226	1
	0226	11
	0227	0
	0227	10
	0228	0
	0228	1
	0228	13
	0229	0
	0229	11
	0230	0
	0230	13
	0231	0
	0231	1
	0231	12
	0232	0
	0232	1
	0232	12
	0233	0
	0233	1
	0233	12
	0234	0
	0234	1
	0234	12
	0234	36
	0235	0
	0235	1
	0235	12
	0236	0
	0236	13
	0237	0
	0237	12
	0238	0
	0238	1
	0239	0
	0239	14
	0240	0
	0240	13
	0241	0
	0241	13
	0242	0
	0242	1
	0242	12
	0243	0
	0243	12
	0244	0
	0244	1
	0244	12
	0244	22
	0245	0
	0245	12
	0246	0
	0246	1
	0246	11
	0247	0
	0247	2
	0248	0
	0248	1
	0249	0
	0249	1
	0250	0
	0250	1
	0250	11
	0251	0
	0251	1
	0251	13
	0252	0
	0252	1
	0253	0
	0253	1
	0253	17
	0254	0
	0254	10
	0255	0
	0255	1
	0255	11
	0256	0
	0256	11
	0257	0
	0257	10
	0258	0
	0258	1
	0259	0
	0259	12
	0259	25
	0260	0
	0260	1
	0260	11
	0261	0
	0261	11
	0262	0
	0262	1
	0262	13
	0263	0
	0263	10
	0264	0
	0264	10
	0265	0
	0265	1
	0265	11
	0266	0
	0266	1
	0266	11
	0267	0
	0267	11
	0268	0
	0268	1
	0268	11
	0269	0
	0269	2
	0270	0
	0270	10
	0271	0
	0271	1
	0271	13
	0272	0
	0272	13
	0273	0
	0273	1
	0273	11
	0274	0
	0274	1
	0274	11
	0274	32
	0275	0
	0275	10
	0275	89
	0276	0
	0276	10
	0277	0
	0277	10
	0278	0
	0278	1
	0278	11
	0279	0
	0279	1
	0279	11
	0280	0
	0280	1
	0280	11
	0280	27
	0281	0
	0281	1
	0281	12
	0282	0
	0282	1
	0282	11
	0283	0
	0283	12
	0284	0
	0284	11
	0285	0
	0285	1
	0285	14
	0286	0
	0286	1
	0286	12
	0287	0
	0287	1
	0287	11
	0288	0
	0288	11
	0289	0
	0289	1
	0290	0
	0290	1
	0290	11
	0291	0
	0291	1
	0291	12
	0292	0
	0292	1
	0292	11
	0293	0
	0293	10
	0294	0
	0294	1
	0294	12
	0294	36
	0295	0
	0295	12
	0296	0
	0296	1
	0296	11
	0297	0
	0297	12
	0298	0
	0298	1
	0299	0
	0299	1
	0299	13
	0300	0
	0300	1
	0300	11
	0301	0
	0301	1
	0301	12
	0302	0
	0302	10
	0303	0
	0303	1
	0303	46
	0304	0
	0304	10
	0305	0
	0305	1
	0305	12
	0306	0
	0306	10
	0307	0
	0307	1
	0307	11
	0307	250
	0308	0
	0308	1
	0308	259
	0308	436
	0308	903
	0309	0
	0309	1
	0310	0
	0310	1
	0310	14
	0310	205
	0310	215
	0310	583
	0311	0
	0311	11
	0311	67
	0311	771
	0312	0
	0312	1
	0312	16
	0313	0
	0313	10
	0313	467
	0313	597
	0314	0
	0314	1
	0314	11
	0314	303
	0314	550
	0314	848
	0315	0
	0315	10
	0315	149
	0315	598
	0316	0
	0316	12
	0316	220
	0316	469
	0317	0
	0317	14
	0317	518
	0317	951
	0318	0
	0318	1
	0318	17
	0318	208
	0318	514
	0319	0
	0319	17
	0319	247
	0319	393
	0319	540
	0320	0
	0320	11
	0320	416
	0320	711
	0321	0
	0321	13
	0321	297
	0321	366
	0321	635
	0322	0
	0322	1
	0322	12
	0322	226
	0322	294
	0322	793
	0323	0
	0323	1
	0323	11
	0323	310
	0323	549
	0323	636
	0324	0
	0324	1
	0324	11
	0324	475
	0324	596
	0324	660
	0325	0
	0325	1
	0325	13
	0325	240
	0325	316
	0325	782
	0326	0
	0326	12
	0327	0
	0327	1
	0327	11
	0327	172
	0328	0
	0328	1
	0328	11
	0329	0
	0329	10
	0330	0
	0330	1
	0330	11
	0331	0
	0331	1
	0331	12
	0332	0
	0332	1
	0332	11
	0333	0
	0333	1
	0333	11
	0334	0
	0334	1
	0334	11
	0335	0
	0335	1
	0335	12
	0336	0
	0336	1
	0336	11
	0336	124
	0336	163
	0337	0
	0337	1
	0337	11
	0338	0
	0338	16
	0339	0
	0339	1
	0340	0
	0340	1
	0341	0
	0341	1
	0342	0
	0342	1
	0342	11
	0342	355
	0342	663
	0343	0
	0343	1
	0343	15
	0343	56
	0343	599
	0343	854
	0344	0
	0344	10
	0344	44
	0345	0
	0345	1
	0345	11
	0345	29
	0346	0
	0346	1
	0346	11
	0346	742
	0347	0
	0347	1
	0347	12
	0347	427
	0348	0
	0348	1
	0348	12
	0348	25
	0349	0
	0349	21
	0350	0
	0350	1
	0350	11
	0351	0
	0351	1
	0351	12
	0352	0
	0352	1
	0352	12
	0352	25
	0352	36
	0353	0
	0353	10
	0353	29
	0353	986
	0354	0
	0354	1
	0354	11
	0355	0
	0355	10
	0356	0
	0356	1
	0356	11
	0357	0
	0357	1
	0357	12
	0357	81
	0358	0
	0358	1
	0358	11
	0358	406
	0359	0
	0359	1541
	0359	1554
	0359	1569
	0359	1580
	0360	0
	0360	14
	0360	184
	0361	0
	0361	10
	0362	0
	0362	1
	0362	12
	0363	0
	0363	1
	0363	12
	0364	0
	0364	12
	0365	0
	0365	12
	0366	0
	0366	1
	0366	14
	0367	0
	0367	1
	0368	0
	0368	10
	0368	182
	0369	0
	0369	2
	0370	0
	0370	11
	0371	0
	0371	1
	0371	14
	0372	0
	0372	1
	0372	14
	0373	0
	0373	1
	0373	12
	0374	0
	0374	10
	0375	0
	0375	1
	0375	13
	0376	0
	0376	1
	0377	0
	0377	1
	0377	11
	0378	0
	0378	10
	0379	0
	0379	10
	0379	25
	0380	0
	0380	1
	0380	11
	0381	0
	0381	1
	0381	11
	0382	0
	0382	1
	0382	12
	0382	49
	0382	73
	0383	0
	0383	1
	0383	12
	0384	0
	0384	12
	0385	0
	0385	11
	0386	0
	0386	12
	0387	0
	0387	10
	0387	111
	0388	0
	0388	12
	0389	0
	0389	14
	0390	0
	0390	1
	0390	14
	0391	0
	0391	13
	0392	0
	0392	10
	0393	0
	0393	1
	0393	11
	0394	0
	0394	1
	0394	11
	0394	21
	0395	0
	0395	1
	0395	11
	0395	21
	0396	0
	0396	10
	0396	104
	0397	0
	0397	10
	0398	0
	0398	1
	0398	11
	0399	0
	0399	19
	0400	0
	0400	11
	0400	52
	0401	0
	0401	1
	0401	11
	0402	0
	0402	1
	0402	11
	0403	0
	0403	11
	0404	0
	0404	1
	0404	15
	0404	459
	0404	472
	0405	0
	0405	1
	0406	0
	0406	1
	0406	11
	0407	0
	0407	1
	0407	11
	0408	0
	0408	10
	0409	0
	0409	1
	0409	12
	0410	0
	0410	2
	0410	54
	0411	0
	0411	12
	0412	0
	0412	1
	0412	118
	0413	0
	0413	1
	0413	12
	0414	0
	0414	1
	0414	11
	0415	0
	0415	1
	0415	13
	0415	177
	0415	324
	0416	0
	0416	13
	0416	92
	0417	0
	0417	1
	0417	13
	0418	0
	0418	10
	0419	0
	0419	1
	0420	0
	0420	1
	0420	14
	0421	0
	0421	1
	0422	0
	0422	1
	0422	11
	0423	0
	0423	1
	0424	0
	0424	1
	0425	0
	0425	11
	0426	0
	0426	12
	0427	0
	0427	1
	0427	50
	0428	0
	0428	1
	0428	17
	0429	0
	0429	1
	0429	11
	0429	2758
	0429	2787
	0429	2921
	0430	0
	0430	1
	0430	11
	0431	0
	0431	1
	0431	12
	0432	0
	0432	1
	0432	12
	0433	0
	0433	1
	0433	11
	0434	0
	0434	1
	0434	14
	0434	3065
	0435	0
	0435	10
	0436	0
	0436	12
	0437	0
	0437	1
	0437	12
	0437	361
	0438	0
	0438	1
	0438	11
	0439	0
	0439	1
	0439	12
	0439	3237
	0439	3588
	0440	0
	0440	1
	0440	13
	0441	0
	0441	1
	0441	13
	0442	0
	0442	1
	0442	11
	0443	0
	0443	10
	0444	0
	0444	1
	0444	11
	0444	21
	0445	0
	0445	14
	0446	0
	0446	1
	0446	11
	0447	0
	0447	1
	0447	107
	0448	0
	0448	1
	0448	11
	0449	0
	0449	13
	0450	0
	0450	11
	0451	0
	0451	1
	0451	11
	0451	21
	0451	31
	0452	0
	0452	1
	0452	11
	0452	22
	0453	0
	0453	1
	0453	12
	0453	43
	0454	0
	0454	1
	0454	11
	0454	21
	0455	0
	0455	1
	0455	11
	0456	0
	0456	10
	0456	191
	0456	2522
	0456	3353
	0457	0
	0457	1
	0457	11
	0457	152
	0457	174
	0458	0
	0458	10
	0458	142
	0459	0
	0459	1
	0459	11
	0460	0
	0460	1
	0460	11
	0461	0
	0461	1
	0461	14
	0462	0
	0462	1
	0462	109
	0463	0
	0463	10
	0463	22
	0464	0
	0464	1
	0464	12
	0465	0
	0465	1
	0465	21
	0465	233
	0465	245
	0466	0
	0466	1
	0466	13
	0466	153
	0467	0
	0467	1
	0467	13
	0468	0
	0468	1
	0468	11
	0468	50
	0469	0
	0469	1
	0469	12
	0469	42
	0470	0
	0470	1
	0470	11
	0471	0
	0471	1
	0471	47
	0471	80
	0472	0
	0472	1
	0472	15
	0473	0
	0473	1
	0473	79
	0474	0
	0474	1
	0474	37
	0475	0
	0475	1
	0475	14
	0475	669
	0476	0
	0476	1
	0476	11
	0477	0
	0477	1
	0477	11
	0477	29
	0478	0
	0478	1
	0478	11
	0478	22
	0479	0
	0479	1
	0479	11
	0479	25
	0480	0
	0480	1
	0480	11
	0480	171
	0481	0
	0481	1
	0481	117
	0481	174
	0482	0
	0482	1
	0482	11
	0482	644
	0482	657
	0482	755
	0483	0
	0483	1
	0483	102
	0483	195
	0484	0
	0484	1
	0484	11
	0484	563
	0485	0
	0485	1
	0485	116
	0486	0
	0486	1
	0486	11
	0486	599
	0487	0
	0487	1
	0487	108
	0487	182
	0487	213
	0488	0
	0488	1
	0488	11
	0488	163
	0488	270
	0488	292
	0488	2920
	0488	2948
	0488	3106
	0489	0
	0489	1
	0489	12
	0489	196
	0489	218
	0489	3310
	0489	3328
	0490	0
	0490	1
	0490	11
	0490	23
	0490	265
	0490	352
	0491	0
	0491	1
	0491	11
	0491	681
	0491	763
	0492	0
	0492	1
	0492	12
	0493	0
	0493	1
	0493	11
	0493	61
	0494	0
	0494	1
	0494	11
	0495	0
	0495	1
	0495	11
	0495	157
	0496	0
	0496	1
	0496	11
	0496	139
	0497	0
	0497	1
	0497	11
	0497	21
	0497	31
	0498	0
	0498	1
	0498	11
	0499	0
	0499	1
	0499	12
	0500	0
	0500	1
	0500	12
	0501	0
	0501	1089
	0501	1103
	0502	0
	0502	1
	0502	12
	0502	224
	0502	302
	0502	331
	0503	0
	0503	1
	0503	14
	0503	391
	0503	410
	0504	0
	0504	1
	0504	11
	0504	21
	0504	78
	0505	0
	0505	1
	0505	12
	0505	479
	0505	503
	0506	0
	0506	1
	0506	11
	0506	110
	0506	130
	0506	370
	0506	391
	0506	464
	0507	0
	0507	1
	0507	11
	0507	116
	0507	136
	0508	0
	0508	1
	0508	11
	0508	61
	0509	0
	0509	1
	0509	1061
	0510	0
	0510	1
	0510	11
	0510	1825
	0510	1835
	0511	0
	0511	1
	0511	11
	0511	41
	0511	52
	0512	0
	0512	1
	0512	13
	0513	0
	0513	1
	0513	11
	0514	0
	0514	1
	0514	12
	0514	195
	0514	660
	0514	701
	0515	0
	0515	1
	0515	110
	0516	0
	0516	1
	0516	11
	0516	119
	0516	298
	0517	0
	0517	1
	0517	101
	0518	0
	0518	1
	0518	11
	0518	25
	0518	977
	0518	987
	0519	0
	0519	1
	0519	12
	0519	163
	0519	423
	0519	817
	0520	0
	0520	1
	0520	11
	0520	1641
	0520	1737
	0521	0
	0521	1
	0521	1114
	0522	0
	0522	1
	0522	11
	0522	1267
	0523	0
	0523	1
	0523	12
	0523	44
	0524	0
	0524	1
	0524	11
	0524	23
	0524	328
	0524	375
	0525	0
	0525	1
	0525	14
	0525	170
	0525	425
	0525	854
	0526	0
	0526	1
	0526	1079
	0527	0
	0527	1
	0527	1149
	0527	1207
	0528	0
	0528	1
	0528	11
	0528	1294
	0528	1675
	0529	0
	0529	1
	0529	11
	0529	1266
	0530	0
	0530	1
	0530	104
	0530	136
	0530	696
	0531	0
	0531	1
	0531	11
	0531	1402
	0532	0
	0532	1
	0532	11
	0532	2539
	0533	0
	0533	1
	0533	11
	0533	129
	0533	690
	0534	0
	0534	1
	0534	11
	0534	1973
	0535	0
	0535	1
	0535	11
	0535	1209
	0536	0
	0536	1
	0536	12
	0536	37
	0536	566
	0536	748
	0536	759
	0537	0
	0537	1
	0537	11
	0537	234
	0537	252
	0538	0
	0538	1
	0538	11
	0538	132
	0539	0
	0539	1
	0539	11
	0539	197
	0539	256
	0540	0
	0540	1
	0540	11
	0540	1350
	0541	0
	0541	1
	0541	11
	0541	21
	0541	236
	0541	308
	0542	0
	0542	1
	0542	11
	0542	27
	0543	0
	0543	1
	0543	12
	0543	24
	0544	0
	0544	1
	0544	12
	0544	1358
	0545	0
	0545	1
	0545	265
	0545	571
	0545	601
	0546	0
	0546	1
	0546	18
	0546	283
	0547	0
	0547	1
	0547	104
	0547	288
	0548	0
	0548	1
	0548	11
	0548	1198
	0549	0
	0549	1
	0549	11
	0549	1145
	0550	0
	0550	1
	0550	103
	0550	148
	0550	165
	0550	803
	0550	835
	0551	0
	0551	1
	0551	11
	0551	300
	0552	0
	0552	1
	0552	139
	0553	0
	0553	1
	0553	101
	0554	0
	0554	1
	0554	32
	0555	0
	0555	1
	0555	124
	0556	0
	0556	1
	0556	14
	0556	151
	0556	212
	0556	264
	0556	315
	0557	0
	0557	1
	0557	11
	0557	1623
	0558	0
	0558	1
	0558	11
	0558	131
	0558	452
	0558	464
	0559	0
	0559	1
	0559	11
	0559	193
	0559	390
	0560	0
	0560	1
	0560	12
	0560	272
	0560	284
	0560	306
	0561	0
	0561	1
	0561	135
	0561	173
	0561	414
	0562	0
	0562	1
	0562	12
	0562	59
	0562	709
	0563	0
	0563	1
	0563	11
	0563	184
	0564	0
	0564	1
	0564	11
	0565	0
	0565	1
	0565	11
	0565	59
	0566	0
	0566	1
	0566	287
	0567	0
	0567	1
	0567	11
	0567	40
	0567	67
	0567	79
	0568	0
	0568	1
	0568	12
	0568	185
	0568	230
	0568	262
	0568	762
	0569	0
	0569	1
	0569	11
	0569	133
	0570	0
	0570	1
	0570	107
	0571	0
	0571	1
	0571	11
	0571	129
	0571	165
	0572	0
	0572	1
	0572	11
	0572	23
	0572	51
	0573	0
	0573	1
	0573	11
	0573	113
	0573	123
	0574	0
	0574	1
	0574	11
	0574	133
	0575	0
	0575	1
	0575	12
	0575	186
	0576	0
	0576	1
	0576	11
	0576	26
	0576	59
	0576	767
	0577	0
	0577	1
	0577	11
	0577	181
	0578	0
	0578	1
	0578	105
	0578	169
	0579	0
	0579	1
	0579	11
	0579	44
	0580	0
	0580	1
	0580	11
	0580	134
	0581	0
	0581	1
	0581	110
	0581	133
	0581	182
	0581	230
	0581	241
	0582	0
	0582	1
	0582	119
	0582	258
	0582	800
	0583	0
	0583	1
	0583	13
	0583	25
	0584	0
	0584	1
	0584	117
	0584	279
	0585	0
	0585	1
	0585	11
	0585	121
	0586	0
	0586	1
	0586	12
	0586	334
	0587	0
	0587	1
	0587	11
	0588	0
	0588	1
	0588	11
	0588	2744
	0589	0
	0589	1
	0589	1076
	0589	2662
	0589	3214
	0590	0
	0590	1
	0590	11
	0591	0
	0591	1
	0591	11
	0591	117
	0591	1476
	0592	0
	0592	1
	0592	11
	0592	2215
	0593	0
	0593	1
	0593	11
	0594	0
	0594	1
	0594	11
	0594	22
	0594	2558
	0594	2687
	0595	0
	0595	1
	0595	11
	0596	0
	0596	1
	0596	12
	0596	766
	0597	0
	0597	1
	0597	11
	0597	214
	0597	902
	0598	0
	0598	1
	0598	11
	0598	24
	0598	701
	0598	721
	0598	737
	0599	0
	0599	1
	0599	13
	0599	30
	0599	3314
	0599	3363
	0599	3850
	0599	3867
	0600	0
	0600	1
	0600	1177
	0600	1227
	0600	3049
	0600	3083
	0601	0
	0601	1
	0601	11
	0601	1509
	0601	1537
	0601	4226
	0601	4287
	0602	0
	0602	1
	0602	11
	0602	2410
	0602	2424
	0602	5157
	0602	5211
	0603	0
	0603	1
	0603	1017
	0603	1919
	0603	1939
	0603	2954
	0603	2979
	0604	0
	0604	1
	0604	11
	0604	1146
	0604	1168
	0604	1249
	0604	1468
	0604	1478
	0605	0
	0605	1
	0605	11
	0605	1333
	0606	0
	0606	1
	0606	1080
	0607	0
	0607	1
	0607	1086
	0607	1323
	0608	0
	0608	1
	0608	11
	0608	22
	0608	51
	0608	618
	0609	0
	0609	1
	0609	11
	0609	178
	0609	490
	0609	530
	0609	646
	0609	661
	0610	0
	0610	1
	0610	11
	0610	1485
	0610	1682
	0610	1987
	0611	0
	0611	1
	0611	11
	0611	115
	0611	127
	0612	0
	0612	1
	0612	11
	0612	1275
	0613	0
	0613	1
	0613	11
	0613	153
	0613	202
	0613	303
	0613	3083
	0613	3096
	0614	0
	0614	1
	0614	11
	0614	1421
	0614	1496
	0615	0
	0615	1
	0615	11
	0615	149
	0615	1646
	0615	1788
	0616	0
	0616	1
	0616	11
	0616	115
	0617	0
	0617	1
	0617	1026
	0617	1193
	0618	0
	0618	1
	0618	11
	0618	134
	0618	1367
	0618	1378
	0619	0
	0619	1
	0619	107
	0619	691
	0619	742
	0619	765
	0620	0
	0620	1
	0620	11
	0620	1172
	0621	0
	0621	1
	0621	11
	0621	1529
	0621	1566
	0622	0
	0622	1
	0622	11
	0622	127
	0622	165
	0622	3161
	0623	0
	0623	1
	0623	101
	0623	1266
	0624	0
	0624	1
	0624	11
	0624	170
	0624	286
	0624	327
	0624	500
	0624	510
	0624	524
	0625	0
	0625	1
	0625	11
	0625	169
	0625	188
	0625	255
	0625	298
	0625	574
	0625	734
	0625	925
	0625	976
	0626	0
	0626	1
	0626	11
	0626	23
	0626	236
	0626	262
	0626	298
	0626	852
	0626	862
	0626	886
	0627	0
	0627	1
	0627	11
	0627	126
	0627	152
	0627	253
	0628	0
	0628	1
	0628	11
	0628	158
	0628	244
	0628	426
	0628	436
	0628	861
	0629	0
	0629	1
	0629	12
	0629	209
	0629	308
	0629	395
	0629	527
	0629	662
	0630	0
	0630	1
	0630	11
	0630	205
	0630	316
	0630	765
	0630	785
	0631	0
	0631	1
	0631	11
	0631	1664
	0632	0
	0632	1
	0632	12
	0632	134
	0632	2052
	0633	0
	0633	1
	0633	11
	0633	1196
	0633	2966
	0634	0
	0634	1
	0634	14
	0634	338
	0634	349
	0634	532
	0635	0
	0635	1
	0635	1006
	0635	3604
	0635	3649
	0636	0
	0636	1
	0636	11
	0636	26
	0636	276
	0637	0
	0637	1
	0637	1040
	0638	0
	0638	1
	0638	11
	0638	307
	0638	330
	0639	0
	0639	1
	0639	11
	0639	182
	0639	283
	0639	296
	0640	0
	0640	1
	0640	11
	0640	111
	0640	124
	0640	182
	0640	263
	0640	281
	0641	0
	0641	1
	0641	11
	0641	163
	0641	659
	0642	0
	0642	1
	0642	11
	0642	1286
	0643	0
	0643	1
	0643	11
	0643	269
	0644	0
	0644	1
	0644	11
	0644	248
	0644	430
	0644	460
	0645	0
	0645	1
	0645	11
	0645	21
	0645	289
	0645	657
	0645	687
	0646	0
	0646	1
	0646	11
	0646	1530
	0647	0
	0647	1
	0647	11
	0647	29
	0647	338
	0648	0
	0648	1
	0648	12
	0648	122
	0648	146
	0648	1774
	0648	1788
	0649	0
	0649	1
	0649	12
	0649	1470
	0649	1690
	0650	0
	0650	1
	0650	13
	0650	899
	0651	0
	0651	1
	0651	104
	0651	1471
	0651	1560
	0651	1653
	0652	0
	0652	1
	0652	11
	0652	1306
	0652	1685
	0652	1914
	0652	1924
	0653	0
	0653	1
	0653	1036
	0653	4045
	0654	0
	0654	1
	0654	11
	0654	2063
	0654	2076
	0655	0
	0655	1
	0655	12
	0655	2591
	0655	5299
	0655	5375
	0656	0
	0656	1
	0656	11
	0656	2255
	0657	0
	0657	1
	0657	11
	0657	1475
	0657	1841
	0657	1857
	0657	2691
	0657	3072
	0658	0
	0658	1
	0658	105
	0658	1111
	0658	1165
	0658	1181
	0658	1323
	0658	3071
	0658	3234
	0659	0
	0659	1
	0659	11
	0659	133
	0659	1347
	0660	0
	0660	1
	0660	11
	0660	21
	0660	2817
	0661	0
	0661	1
	0661	1038
	0661	3355
	0662	0
	0662	1
	0662	12
	0662	23
	0662	419
	0662	446
	0663	0
	0663	1
	0663	11
	0663	1252
	0664	0
	0664	1
	0664	11
	0664	2109
	0664	2403
	0665	0
	0665	1
	0665	1008
	0665	1084
	0665	1104
	0665	1142
	0665	1285
	0665	1356
	0665	2154
	0665	2165
	0666	0
	0666	1
	0666	11
	0666	111
	0666	121
	0666	420
	0666	473
	0666	484
	0667	0
	0667	1
	0667	11
	0667	34
	0667	66
	0667	79
	0668	0
	0668	1
	0668	12
	0668	1314
	0669	0
	0669	1
	0669	105
	0669	1556
	0669	1638
	0670	0
	0670	1
	0670	12
	0670	25
	0670	592
	0670	629
	0670	921
	0670	940
	0671	0
	0671	1
	0671	11
	0671	1794
	0671	1886
	0671	3929
	0672	0
	0672	1
	0672	12
	0672	224
	0672	375
	0672	459
	0673	0
	0673	1
	0673	13
	0673	163
	0673	247
	0673	259
	0673	271
	0674	0
	0674	1
	0674	11
	0674	1291
	0674	1301
	0674	1380
	0675	0
	0675	1
	0675	1098
	0675	1119
	0676	0
	0676	1
	0676	14
	0676	451
	0676	735
	0677	0
	0677	1
	0677	11
	0677	633
	0677	755
	0678	0
	0678	1
	0678	11
	0678	2203
	0679	0
	0679	1
	0679	11
	0679	24
	0679	3223
	0679	3254
	0680	0
	0680	1
	0680	104
	0680	1227
	0680	1240
	0681	0
	0681	1
	0681	11
	0681	131
	0682	0
	0682	1
	0682	11
	0682	24
	0682	864
	0683	0
	0683	1
	0683	12
	0683	22
	0683	736
	0684	0
	0684	1
	0684	11
	0684	206
	0684	220
	0684	310
	0685	0
	0685	1
	0685	506
	0686	0
	0686	1
	0686	11
	0686	39
	0687	0
	0687	1
	0687	12
	0687	176
	0687	264
	0687	274
	0688	0
	0688	1
	0688	108
	0688	143
	0688	897
	0689	0
	0689	1
	0689	11
	0689	124
	0689	242
	0689	257
	0689	544
	0690	0
	0690	1
	0690	11
	0690	361
	0690	391
	0691	0
	0691	1
	0691	14
	0691	335
	0692	0
	0692	1
	0692	15
	0692	39
	0692	87
	0693	0
	0693	1
	0693	12
	0693	30
	0693	83
	0693	93
	0694	0
	0694	1
	0694	13
	0695	0
	0695	1
	0695	11
	0695	112
	0695	275
	0695	320
	0695	786
	0695	825
	0696	0
	0696	1
	0696	11
	0697	0
	0697	1
	0697	231
	0698	0
	0698	1
	0698	11
	0698	56
	0699	0
	0699	1
	0699	11
	0699	215
	0700	0
	0700	1
	0700	11
	0700	3607
	0701	0
	0701	1
	0701	11
	0702	0
	0702	1
	0702	11
	0702	169
	0703	0
	0703	1
	0703	12
	0703	170
	0703	300
	0703	486
	0703	509
	0703	522
	0703	535
	0704	0
	0704	1
	0704	11
	0704	114
	0705	0
	0705	1
	0705	11
	0705	74
	0706	0
	0706	1
	0706	1057
	0706	1087
	0707	0
	0707	1
	0707	11
	0707	122
	0707	305
	0708	0
	0708	1
	0708	104
	0708	242
	0709	0
	0709	1
	0709	12
	0709	27
	0709	37
	0709	370
	0710	0
	0710	1
	0710	11
	0710	29
	0711	0
	0711	1
	0711	11
	0711	29
	0711	74
	0711	91
	0712	0
	0712	1
	0712	1095
	0712	1160
	0712	1172
	0713	0
	0713	1
	0713	102
	0713	224
	0714	0
	0714	1
	0714	12
	0714	32
	0714	55
	0715	0
	0715	1
	0715	12
	0715	65
	0716	0
	0716	1
	0716	11
	0717	0
	0717	1
	0717	11
	0717	44
	0717	647
	0717	677
	0718	0
	0718	1
	0718	11
	0718	22
	0718	64
	0719	0
	0719	1
	0719	11
	0719	40
	0719	85
	0720	0
	0720	1
	0720	11
	0720	205
	0721	0
	0721	1
	0721	12
	0721	302
	0722	0
	0722	1
	0722	12
	0723	0
	0723	1
	0723	11
	0724	0
	0724	1
	0724	11
	0724	32
	0725	0
	0725	1
	0725	11
	0725	27
	0726	0
	0726	1
	0726	11
	0727	0
	0727	1
	0727	11
	0727	57
	0728	0
	0728	1
	0728	13
	0728	186
	0728	327
	0728	722
	0729	0
	0729	1
	0729	11
	0729	21
	0729	39
	0729	58
	0730	0
	0730	1
	0730	11
	0730	22
	0730	738
	0731	0
	0731	1
	0731	11
	0732	0
	0732	1
	0732	13
	0732	24
	0733	0
	0733	1
	0733	11
	0733	36
	0733	81
	0734	0
	0734	1
	0734	11
	0734	29
	0734	46
	0735	0
	0735	1
	0735	11
	0735	24
	0735	798
	0736	0
	0736	1
	0736	11
	0736	163
	0737	0
	0737	1
	0737	14
	0737	224
	0737	274
	0737	289
	0737	313
	0738	0
	0738	1
	0738	12
	0738	251
	0739	0
	0739	1
	0739	110
	0739	1232
	0739	1326
	0739	4204
	0740	0
	0740	1
	0740	12
	0740	182
	0740	204
	0740	629
	0741	0
	0741	1
	0741	11
	0741	1726
	0742	0
	0742	1
	0742	12
	0742	1694
	0743	0
	0743	1
	0743	11
	0743	178
	0744	0
	0744	1
	0744	11
	0744	268
	0744	611
	0745	0
	0745	1
	0745	11
	0745	577
	0746	0
	0746	1
	0746	14
	0746	78
	0747	0
	0747	1
	0747	11
	0747	55
	0748	0
	0748	1
	0748	11
	0748	189
	0749	0
	0749	1
	0749	11
	0749	21
	0750	0
	0750	1
	0750	11
	0750	43
	0751	0
	0751	1
	0751	11
	0751	182
	0751	302
	0751	325
	0752	0
	0752	1
	0752	11
	0752	21
	0752	309
	0753	0
	0753	1
	0753	12
	0753	129
	0754	0
	0754	1
	0754	128
	0754	226
	0755	0
	0755	1
	0755	137
	0755	155
	0755	179
	0755	208
	0756	0
	0756	1
	0756	11
	0756	39
	0756	50
	0757	0
	0757	1
	0757	11
	0757	37
	0758	0
	0758	1
	0758	11
	0758	33
	0758	68
	0759	0
	0759	1
	0759	11
	0759	34
	0759	63
	0760	0
	0760	1
	0760	11
	0760	119
	0761	0
	0761	1
	0761	12
	0761	42
	0761	73
	0762	0
	0762	1
	0762	12
	0762	88
	0763	0
	0763	1
	0763	11
	0763	390
	0763	436
	0763	447
	0764	0
	0764	1
	0764	11
	0764	142
	0765	0
	0765	1
	0765	108
	0766	0
	0766	1
	0766	11
	0766	23
	0767	0
	0767	1
	0767	11
	0767	125
	0767	675
	0767	693
	0768	0
	0768	1
	0768	101
	0768	1196
	0768	1206
	0769	0
	0769	1
	0769	11
	0769	1453
	0769	1514
	0769	1672
	0769	1728
	0769	2143
	0769	2160
	0770	0
	0770	1
	0770	11
	0770	1301
	0770	1384
	0771	0
	0771	1
	0771	11
	0771	26
	0771	38
	0772	0
	0772	1
	0772	11
	0773	0
	0773	1
	0773	12
	0773	161
	0774	0
	0774	1
	0774	11
	0774	224
	0775	0
	0775	1
	0775	11
	0775	1280
	0775	1291
	0776	0
	0776	1
	0776	11
	0776	1114
	0776	1124
	0777	0
	0777	1
	0777	11
	0777	1164
	0777	1281
	0777	1350
	0778	0
	0778	1
	0778	12
	0778	63
	0779	0
	0779	1
	0779	13
	0779	469
	0780	0
	0780	1
	0780	11
	0781	0
	0781	1
	0781	11
	0781	36
	0782	0
	0782	1
	0782	57
	0783	0
	0783	1
	0783	16
	0784	0
	0784	1
	0784	13
	0784	24
	0784	566
	0785	0
	0785	1
	0785	11
	0786	0
	0786	1
	0786	11
	0787	0
	0787	1
	0787	11
	0787	233
	0787	249
	0787	269
	0787	298
	0787	317
	0787	352
	0788	0
	0788	1
	0788	12
	0789	0
	0789	1
	0789	12
	0790	0
	0790	1
	0790	13
	0790	25
	0791	0
	0791	1
	0791	11
	0791	611
	0792	0
	0792	1
	0792	11
	0793	0
	0793	1
	0793	11
	0793	276
	0793	311
	0794	0
	0794	1
	0794	11
	0794	21
	0794	49
	0795	0
	0795	1
	0795	13
	0795	594
	0796	0
	0796	1
	0796	12
	0796	166
	0797	0
	0797	1
	0797	11
	0797	50
	0798	0
	0798	1
	0798	11
	0799	0
	0799	1
	0799	11
	0799	23
	0799	500
	0800	0
	0800	1
	0800	11
	0800	22
	0800	36
	0801	0
	0801	1
	0801	12
	0801	25
	0801	536
	0802	0
	0802	1
	0802	11
	0802	23
	0802	34
	0803	0
	0803	1
	0803	11
	0804	0
	0804	1
	0804	11
	0804	24
	0804	73
	0805	0
	0805	1
	0805	11
	0806	0
	0806	1
	0806	12
	0806	22
	0806	36
	0807	0
	0807	1
	0807	11
	0807	27
	0808	0
	0808	1
	0808	11
	0808	27
	0808	417
	0809	0
	0809	1
	0809	11
	0809	56
	0810	0
	0810	1
	0810	11
	0810	21
	0811	0
	0811	1
	0811	11
	0811	21
	0812	0
	0812	1
	0812	11
	0812	38
	0813	0
	0813	1
	0813	13
	0813	24
	0814	0
	0814	1
	0814	11
	0814	21
	0815	0
	0815	1
	0815	11
	0815	1688
	0816	0
	0816	1
	0816	13
	0816	269
	0817	0
	0817	1
	0817	11
	0817	572
	0817	613
	0818	0
	0818	1
	0818	11
	0818	27
	0819	0
	0819	1
	0819	11
	0819	22
	0819	35
	0820	0
	0820	1
	0820	11
	0820	22
	0820	43
	0821	0
	0821	1
	0821	11
	0821	21
	0821	51
	0822	0
	0822	1
	0822	11
	0823	0
	0823	1
	0823	12
	0823	23
	0823	312
	0823	881
	0824	0
	0824	1
	0824	11
	0824	21
	0824	228
	0824	241
	0824	558
	0825	0
	0825	1
	0825	13
	0825	255
	0825	267
	0825	556
	0826	0
	0826	1
	0826	12
	0826	2514
	0827	0
	0827	1
	0827	12
	0827	557
	0828	0
	0828	1
	0828	11
	0828	21
	0828	222
	0829	0
	0829	1
	0829	11
	0829	250
	0830	0
	0830	1
	0830	11
	0830	788
	0831	0
	0831	1
	0831	11
	0831	29
	0832	0
	0832	1
	0832	11
	0832	124
	0832	279
	0833	0
	0833	1
	0833	11
	0833	23
	0834	0
	0834	1
	0834	11
	0834	48
	0835	0
	0835	1
	0835	11
	0835	22
	0836	0
	0836	1
	0836	11
	0836	112
	0836	332
	0837	0
	0837	1
	0837	11
	0837	176
	0837	194
	0838	0
	0838	1
	0838	77
	0839	0
	0839	1
	0839	12
	0839	23
	0839	35
	0839	543
	0840	0
	0840	1
	0840	12
	0840	22
	0840	38
	0841	0
	0841	1
	0841	11
	0841	35
	0842	0
	0842	1
	0842	101
	0843	0
	0843	10
	0843	135
	0843	191
	0844	0
	0844	1
	0844	11
	0844	22
	0845	0
	0845	1
	0845	11
	0845	22
	0845	34
	0846	0
	0846	1
	0846	11
	0846	37
	0847	0
	0847	1
	0847	12
	0848	0
	0848	1
	0848	12
	0849	0
	0849	1
	0849	11
	0849	21
	0850	0
	0850	1
	0850	14
	0851	0
	0851	1
	0851	22
	0851	32
	0851	69
	0852	0
	0852	1
	0852	12
	0852	1498
	0853	0
	0853	1
	0854	0
	0854	1
	0854	102
	0854	178
	0854	409
	0855	0
	0855	1
	0855	12
	0855	282
	0855	394
	0856	0
	0856	1
	0856	11
	0856	146
	0856	249
	0857	0
	0857	1
	0857	14
	0857	399
	0858	0
	0858	1
	0858	13
	0858	205
	0858	436
	0859	0
	0859	1
	0859	11
	0859	814
	0860	0
	0860	1
	0860	13
	0861	0
	0861	1
	0861	14
	0861	186
	0861	848
	0862	0
	0862	1
	0862	11
	0862	222
	0863	0
	0863	1
	0863	11
	0863	42
	0863	557
	0864	0
	0864	1
	0864	11
	0864	222
	0865	0
	0865	1
	0865	11
	0865	21
	0865	328
	0865	922
	0866	0
	0866	1
	0866	11
	0866	21
	0866	39
	0866	49
	0866	780
	0867	0
	0867	1
	0867	11
	0867	22
	0867	434
	0868	0
	0868	1
	0868	11
	0868	201
	0868	241
	0869	0
	0869	1
	0869	103
	0869	238
	0870	0
	0870	1
	0870	11
	0870	199
	0871	0
	0871	1
	0871	11
	0871	134
	0872	0
	0872	1
	0872	11
	0872	189
	0872	252
	0873	0
	0873	1
	0873	11
	0873	165
	0873	3855
	0874	0
	0874	1
	0874	12
	0874	24
	0874	263
	0875	0
	0875	1
	0875	1103
	0875	1800
	0876	0
	0876	1
	0876	11
	0876	22
	0876	56
	0877	0
	0877	1
	0877	11
	0877	138
	0878	0
	0878	1
	0878	1053
	0879	0
	0879	1
	0879	101
	0879	587
	0880	0
	0880	1
	0880	11
	0880	27
	0880	94
	0881	0
	0881	1
	0881	12
	0881	51
	0881	77
	0882	0
	0882	1
	0882	12
	0882	23
	0882	35
	0882	85
	0883	0
	0883	1
	0883	11
	0883	29
	0883	42
	0883	868
	0884	0
	0884	1
	0884	151
	0885	0
	0885	1
	0885	11
	0885	32
	0885	683
	0886	0
	0886	1
	0886	11
	0886	22
	0886	59
	0887	0
	0887	1
	0887	15
	0887	150
	0887	225
	0887	236
	0887	401
	0888	0
	0888	1
	0888	11
	0888	202
	0889	0
	0889	1
	0889	11
	0890	0
	0890	1
	0890	15
	0891	0
	0891	1
	0891	11
	0891	33
	0892	0
	0892	1
	0892	11
	0892	21
	0892	35
	0893	0
	0893	1
	0893	11
	0894	0
	0894	1
	0894	103
	0895	0
	0895	1
	0895	11
	0895	32
	0895	45
	0896	0
	0896	1
	0896	11
	0896	25
	0896	319
	0897	0
	0897	1
	0897	18
	0897	29
	0897	62
	0898	0
	0898	1
	0898	12
	0899	0
	0899	1
	0899	11
	0900	0
	0900	1
	0900	11
	0900	28
	0901	0
	0901	1
	0901	11
	0902	0
	0902	1
	0902	11
	0903	0
	0903	1
	0903	13
	0903	29
	0903	93
	0904	0
	0904	1
	0904	12
	0904	22
	0905	0
	0905	1
	0905	13
	0905	39
	0906	0
	0906	1
	0906	11
	0906	36
	0907	0
	0907	1
	0907	12
	0908	0
	0908	1
	0908	12
	0908	455
	0908	470
	0909	0
	0909	1
	0909	11
	0909	21
	0909	41
	0910	0
	0910	1
	0910	13
	0911	0
	0911	1
	0911	12
	0912	0
	0912	1
	0912	11
	0912	22
	0913	0
	0913	1
	0913	11
	0913	21
	0913	46
	0914	0
	0914	1
	0914	11
	0915	0
	0915	1
	0915	11
	0916	0
	0916	1
	0916	11
	0916	22
	0917	0
	0917	1
	0917	12
	0917	22
	0918	0
	0918	1
	0918	11
	0918	21
	0919	0
	0919	1
	0919	11
	0919	85
	0920	0
	0920	1
	0920	12
	0920	38
	0921	0
	0921	1
	0921	11
	0921	137
	0922	0
	0922	1
	0922	11
	0922	61
	0922	93
	0923	0
	0923	1
	0923	11
	0923	119
	0923	164
	0924	0
	0924	1
	0924	107
	0924	1944
	0924	1994
	0925	0
	0925	1
	0925	11
	0925	123
	0925	142
	0925	1449
	0926	0
	0926	1
	0926	11
	0927	0
	0927	1
	0927	12
	0927	62
	0928	0
	0928	1
	0928	14
	0928	161
	0928	187
	0928	197
	0928	216
	0928	303
	0929	0
	0929	1
	0929	11
	0929	173
	0929	260
	0930	0
	0930	1
	0930	109
	0931	0
	0931	1
	0931	12
	0931	41
	0931	55
	0932	0
	0932	1
	0932	11
	0932	252
	0932	292
	0933	0
	0933	1
	0933	11
	0934	0
	0934	1
	0934	11
	0934	649
	0935	0
	0935	1
	0935	11
	0935	21
	0935	59
	0935	85
	0936	0
	0936	1
	0936	11
	0936	23
	0937	0
	0937	1
	0937	11
	0937	26
	0938	0
	0938	1
	0938	12
	0939	0
	0939	1
	0939	11
	0940	0
	0940	1
	0940	12
	0940	143
	0941	0
	0941	1
	0941	11
	0941	21
	0942	0
	0942	1
	0942	101
	0943	0
	0943	1
	0943	11
	0943	29
	0943	57
	0943	72
	0944	0
	0944	1
	0944	11
	0944	47
	0945	0
	0945	1
	0946	0
	0946	1
	0946	12
	0946	24
	0947	0
	0947	1
	0947	13
	0947	30
	0947	339
	0947	395
	0947	412
	0948	0
	0948	1
	0948	12
	0949	0
	0949	1
	0949	11
	0949	768
	0950	0
	0950	1
	0950	13
	0951	0
	0951	1
	0951	14
	0952	0
	0952	1
	0952	11
	0952	22
	0953	0
	0953	1
	0953	11
	0953	22
	0953	82
	0954	0
	0954	1
	0954	11
	0955	0
	0955	1
	0955	11
	0955	23
	0955	37
	0955	51
	0956	0
	0956	1
	0956	12
	0956	33
	0957	0
	0957	1
	0957	12
	0957	1311
	0957	1495
	0958	0
	0958	1
	0958	11
	0958	1423
	0958	1494
	0958	2792
	0958	2939
	0958	3419
	0959	0
	0959	1
	0959	12
	0959	1262
	0960	0
	0960	1
	0960	101
	0960	164
	0961	0
	0961	1
	0961	12
	0961	553
	0961	582
	0961	766
	0961	804
	0962	0
	0962	1
	0962	12
	0962	22
	0963	0
	0963	10
	0963	41
	0964	0
	0964	1
	0964	12
	0964	156
	0964	199
	0964	210
	0964	231
	0965	0
	0965	1
	0965	12
	0965	151
	0965	252
	0965	482
	0965	507
	0966	0
	0966	1
	0966	12
	0966	286
	0966	302
	0966	356
	0967	0
	0967	1
	0967	13
	0968	0
	0968	1
	0968	13
	0968	309
	0969	0
	0969	1
	0969	11
	0969	415
	0970	0
	0970	1
	0970	11
	0970	124
	0970	384
	0970	498
	0971	0
	0971	1
	0971	11
	0972	0
	0972	1
	0972	11
	0972	25
	0972	373
	0972	430
	0973	0
	0973	1
	0973	11
	0973	625
	0974	0
	0974	1
	0974	11
	0975	0
	0975	1
	0975	12
	0975	354
	0976	0
	0976	1
	0976	11
	0976	306
	0977	0
	0977	1
	0977	127
	0977	229
	0977	269
	0978	0
	0978	1
	0978	11
	0978	29
	0978	476
	0978	486
	0979	0
	0979	1
	0979	11
	0979	33
	0979	841
	0980	0
	0980	1
	0980	12
	0980	35
	0980	350
	0980	4214
	0981	0
	0981	1
	0981	329
	0981	436
	0981	526
	0982	0
	0982	1
	0982	1273
	0982	3086
	0983	0
	0983	1
	0983	11
	0983	131
	0983	538
	0983	782
	0984	0
	0984	1
	0984	11
	0984	347
	0984	358
	0984	429
	0984	449
	0985	0
	0985	1
	0985	11
	0986	0
	0986	1
	0986	12
	0986	161
	0986	2035
	0986	2077
	0987	0
	0987	1
	0987	106
	0987	183
	0987	837
	0987	851
	0988	0
	0988	1
	0988	11
	0988	120
	0988	181
	0988	450
	0989	0
	0989	1
	0989	11
	0989	22
	0989	301
	0989	329
	0989	345
	0990	0
	0990	1
	0990	11
	0990	154
	0990	644
	0991	0
	0991	1
	0991	11
	0992	0
	0992	1
	0992	11
	0992	1704
	0992	1735
	0992	4433
	0992	4445
	0993	0
	0993	1
	0993	12
	0993	22
	0993	781
	0994	0
	0994	1
	0994	11
	0994	1247
	0994	1270
	0995	0
	0995	1
	0995	12
	0995	22
	0995	322
	0996	0
	0996	1
	0996	146
	0996	268
	0996	718
	0997	0
	0997	1
	0997	12
	0997	152
	0998	0
	0998	1
	0998	11
	0999	0
	0999	1
	0999	11
	0999	145
	1000	0
	1000	1
	1000	11
	1000	72
	1001	0
	1001	1
	1001	12
	1001	36
	1001	64
	1002	0
	1002	1
	1002	11
	1003	0
	1003	1
	1003	11
	1003	21
	1003	43
	1003	480
	1004	0
	1004	1
	1004	11
	1004	138
	1005	0
	1005	1
	1005	11
	1005	23
	1006	0
	1006	1
	1006	11
	1006	126
	1006	621
	1006	780
	1007	0
	1007	1
	1007	11
	1007	21
	1008	0
	1008	1
	1008	11
	1008	22
	1008	34
	1008	356
	1009	0
	1009	1
	1009	11
	1009	165
	1009	324
	1009	369
	1009	441
	1009	999
	1010	0
	1010	1
	1010	11
	1010	159
	1010	329
	1011	0
	1011	1
	1011	11
	1011	176
	1011	411
	1012	0
	1012	1
	1012	11
	1012	21
	1013	0
	1013	1
	1013	11
	1013	25
	1014	0
	1014	1
	1014	11
	1014	23
	1015	0
	1015	1
	1015	13
	1015	29
	1015	545
	1016	0
	1016	1
	1016	11
	1016	32
	1016	50
	1016	84
	1017	0
	1017	1
	1017	1039
	1018	0
	1018	1
	1018	12
	1018	24
	1019	0
	1019	1
	1019	12
	1019	37
	1019	976
	1020	0
	1020	1
	1020	11
	1020	529
	1021	0
	1021	1
	1021	12
	1021	24
	1022	0
	1022	1
	1022	13
	1022	23
	1022	54
	1023	0
	1023	1
	1023	11
	1023	28
	1024	0
	1024	1
	1024	11
	1024	21
	1025	0
	1025	1
	1025	11
	1025	22
	1025	35
	1025	417
	1026	0
	1026	1
	1026	11
	1026	127
	1027	0
	1027	1
	1027	105
	1027	158
	1028	0
	1028	1
	1028	11
	1028	156
	1028	182
	1028	229
	1028	320
	1029	0
	1029	1
	1029	11
	1029	172
	1030	0
	1030	1
	1030	111
	1031	0
	1031	1
	1031	35
	1031	49
	1032	0
	1032	1
	1032	11
	1032	113
	1033	0
	1033	1
	1033	12
	1033	175
	1034	0
	1034	1
	1034	11
	1034	37
	1035	0
	1035	1
	1035	105
	1036	0
	1036	1
	1036	11
	1036	21
	1036	211
	1036	227
	1037	0
	1037	1
	1037	11
	1037	123
	1037	250
	1037	441
	1038	0
	1038	1
	1038	15
	1038	28
	1038	43
	1039	0
	1039	1
	1039	11
	1040	0
	1040	1
	1040	11
	1041	0
	1041	1
	1041	11
	1041	26
	1042	0
	1042	1
	1042	12
	1042	26
	1043	0
	1043	1
	1043	146
	1044	0
	1044	1
	1044	12
	1044	35
	1045	0
	1045	1
	1045	11
	1045	236
	1046	0
	1046	1
	1046	36
	1047	0
	1047	1
	1047	14
	1047	31
	1048	0
	1048	1
	1048	217
	1049	0
	1049	1
	1049	11
	1049	1518
	1050	0
	1050	1
	1050	11
	1050	27
	1050	478
	1050	488
	1051	0
	1051	1
	1051	11
	1051	21
	1051	214
	1052	0
	1052	1
	1052	1098
	1053	0
	1053	1
	1053	11
	1053	29
	1053	41
	1054	0
	1054	1
	1054	11
	1054	31
	1055	0
	1055	1
	1055	13
	1055	23
	1055	68
	1056	0
	1056	1
	1056	13
	1056	27
	1057	0
	1057	1
	1057	11
	1057	159
	1057	175
	1057	190
	1057	202
	1058	0
	1058	1
	1058	11
	1058	165
	1059	0
	1059	1
	1059	11
	1059	1184
	1059	2340
	1059	2359
	1059	2555
	1060	0
	1060	1
	1060	11
	1061	0
	1061	1
	1061	11
	1061	25
	1062	0
	1062	1
	1062	11
	1062	26
	1063	0
	1063	1
	1063	11
	1063	781
	1064	0
	1064	1
	1064	11
	1064	188
	1064	3284
	1064	3299
	1065	0
	1065	1
	1065	106
	1065	234
	1065	246
	1065	451
	1065	868
	1066	0
	1066	1
	1066	11
	1066	25
	1066	37
	1066	63
	1066	79
	1066	97
	1067	0
	1067	1
	1067	11
	1067	113
	1067	139
	1067	175
	1067	198
	1068	0
	1068	1
	1068	11
	1068	130
	1068	2476
	1069	0
	1069	1
	1069	108
	1069	132
	1070	0
	1070	1
	1070	11
	1070	139
	1071	0
	1071	1
	1071	11
	1071	128
	1071	193
	1071	378
	1072	0
	1072	1
	1072	13
	1072	29
	1072	369
	1073	0
	1073	1
	1073	11
	1073	29
	1073	472
	1074	0
	1074	1
	1074	11
	1074	22
	1074	6035
	1075	0
	1075	1
	1075	11
	1075	32
	1076	0
	1076	1
	1077	0
	1077	1
	1077	11
	1077	29
	1078	0
	1078	1
	1078	11
	1078	35
	1079	0
	1079	1
	1079	11
	1079	121
	1080	0
	1080	1
	1080	11
	1080	165
	1081	0
	1081	1
	1081	12
	1081	25
	1081	292
	1081	327
	1082	0
	1082	1
	1082	11
	1082	21
	1082	33
	1083	0
	1083	1
	1083	11
	1083	152
	1083	307
	1084	0
	1084	1
	1084	11
	1085	0
	1085	1
	1085	12
	1085	34
	1085	66
	1086	0
	1086	1
	1086	13
	1087	0
	1087	1
	1087	11
	1087	22
	1088	0
	1088	1
	1088	11
	1088	49
	1089	0
	1089	1
	1089	11
	1089	40
	1089	92
	1090	0
	1090	1
	1090	11
	1090	24
	1090	44
	1090	80
	1091	0
	1091	1
	1091	11
	1092	0
	1092	1
	1092	11
	1093	0
	1093	1
	1093	11
	1093	61
	1094	0
	1094	1
	1094	12
	1094	34
	1094	74
	1095	0
	1095	1
	1095	11
	1095	147
	1095	1566
	1095	2563
	1095	2678
	1095	2691
	1096	0
	1096	1
	1096	12
	1096	168
	1097	0
	1097	1
	1097	14
	1098	0
	1098	1
	1098	11
	1099	0
	1099	1
	1099	16
	1099	271
	1100	0
	1100	1
	1100	12
	1100	22
	1101	0
	1101	1
	1101	11
	1101	33
	1101	76
	1102	0
	1102	1
	1102	13
	1102	173
	1103	0
	1103	1
	1103	13
	1103	27
	1103	45
	1104	0
	1104	1
	1104	11
	1104	115
	1104	125
	1105	0
	1105	1
	1105	11
	1105	27
	1105	56
	1106	0
	1106	1
	1106	11
	1106	25
	1106	372
	1106	383
	1106	395
	1107	0
	1107	1
	1107	11
	1108	0
	1108	1
	1108	1004
	1108	1388
	1109	0
	1109	1
	1109	1190
	1109	1219
	1109	1439
	1109	2580
	1110	0
	1110	1
	1110	1150
	1110	1492
	1110	1703
	1110	1750
	1110	1783
	1111	0
	1111	1
	1111	11
	1111	1892
	1112	0
	1112	1
	1112	1081
	1113	0
	1113	1
	1113	11
	1113	33
	1113	885
	1114	0
	1114	1
	1114	1037
	1114	3570
	1114	3580
	1115	0
	1115	1
	1115	11
	1115	322
	1116	0
	1116	1
	1116	1001
	1116	1061
	1117	0
	1117	1
	1117	1015
	1117	1025
	1117	1054
	1117	1091
	1117	1125
	1117	1138
	1118	0
	1118	1
	1118	11
	1118	261
	1119	0
	1119	1
	1119	11
	1119	129
	1119	372
	1119	429
	1119	609
	1120	0
	1120	1
	1120	12
	1121	0
	1121	1
	1121	11
	1121	279
	1121	306
	1122	0
	1122	1
	1122	100
	1122	201
	1122	943
	1122	953
	1122	970
	1123	0
	1123	1
	1123	11
	1123	1234
	1123	1278
	1123	1337
	1123	1821
	1124	0
	1124	1
	1124	1186
	1124	1525
	1124	1538
	1125	0
	1125	1
	1125	12
	1125	124
	1126	0
	1126	1
	1126	11
	1126	2040
	1126	2050
	1126	2065
	1127	0
	1127	1
	1127	11
	1128	0
	1128	1
	1128	11
	1128	460
	1128	472
	1128	517
	1129	0
	1129	1
	1129	11
	1129	23
	1129	35
	1130	0
	1130	1
	1130	12
	1131	0
	1131	1
	1131	14
	1131	37
	1132	0
	1132	13
	1133	0
	1133	1
	1133	11
	1133	252
	1134	0
	1134	1
	1134	11
	1135	0
	1135	1
	1135	11
	1135	50
	1136	0
	1136	1
	1136	16
	1136	33
	1136	805
	1137	0
	1137	1
	1137	11
	1137	130
	1138	0
	1138	1
	1138	11
	1138	21
	1139	0
	1139	1
	1139	11
	1139	146
	1140	0
	1140	1
	1140	1039
	1140	1282
	1140	1377
	1140	1393
	1141	0
	1141	1
	1141	11
	1141	174
	1141	1818
	1142	0
	1142	1
	1142	11
	1142	21
	1142	39
	1143	0
	1143	1
	1143	11
	1143	160
	1144	0
	1144	1
	1144	13
	1144	141
	1144	219
	1144	229
	1144	265
	1144	279
	1144	732
	1145	0
	1145	1
	1145	11
	1145	131
	1145	221
	1146	0
	1146	1
	1146	11
	1146	148
	1146	263
	1147	0
	1147	1
	1147	11
	1147	205
	1148	0
	1148	1
	1148	100
	1148	245
	1148	270
	1148	383
	1149	0
	1149	1
	1149	102
	1149	1215
	1150	0
	1150	1
	1150	11
	1150	133
	1150	177
	1150	2872
	1150	3050
	1150	3166
	1150	3197
	1151	0
	1151	1
	1151	11
	1151	25
	1152	0
	1152	1
	1152	11
	1152	156
	1152	213
	1153	0
	1153	1
	1153	12
	1154	0
	1154	1
	1154	115
	1155	0
	1155	1
	1155	11
	1155	22
	1155	42
	1156	0
	1156	1
	1156	11
	1156	22
	1157	0
	1157	1
	1157	13
	1157	55
	1158	0
	1158	1
	1158	11
	1158	22
	1159	0
	1159	1
	1159	11
	1160	0
	1160	1
	1160	11
	1160	356
	1161	0
	1161	1
	1161	12
	1161	275
	1162	0
	1162	1
	1162	11
	1162	220
	1163	0
	1163	1
	1163	11
	1163	147
	1163	1782
	1163	1805
	1163	1836
	1163	1864
	1164	0
	1164	1
	1164	12
	1164	24
	1164	38
	1164	51
	1165	0
	1165	1
	1165	11
	1165	22
	1166	0
	1166	1
	1166	11
	1166	63
	1167	0
	1167	1
	1167	11
	1167	165
	1168	0
	1168	1
	1168	11
	1168	129
	1169	0
	1169	1
	1169	11
	1169	22
	1169	72
	1170	0
	1170	1
	1170	19
	1171	0
	1171	1
	1171	11
	1172	0
	1172	1
	1172	11
	1172	31
	1172	55
	1172	628
	1172	650
	1173	0
	1173	1
	1173	11
	1173	193
	1173	204
	1174	0
	1174	1
	1174	11
	1174	21
	1174	768
	1174	898
	1175	0
	1175	1
	1175	106
	1175	2648
	1175	2713
	1176	0
	1176	1
	1176	12
	1176	56
	1176	85
	1177	0
	1177	1
	1177	11
	1177	117
	1178	0
	1178	1
	1178	12
	1178	23
	1179	0
	1179	1
	1179	11
	1179	2454
	1180	0
	1180	1
	1180	11
	1180	127
	1180	271
	1180	340
	1180	766
	1181	0
	1181	1
	1181	12
	1181	1780
	1182	0
	1182	1
	1182	11
	1182	21
	1183	0
	1183	1
	1183	11
	1183	23
	1184	0
	1184	1
	1184	11
	1185	0
	1185	1
	1185	12
	1185	27
	1186	0
	1186	1
	1186	16
	1186	254
	1187	0
	1187	1
	1187	11
	1187	47
	1188	0
	1188	1
	1188	11
	1188	157
	1188	521
	1189	0
	1189	1
	1189	104
	1189	150
	1189	1627
	1190	0
	1190	1
	1190	11
	1190	110
	1191	0
	1191	1
	1191	12
	1191	1839
	1192	0
	1192	1
	1192	11
	1192	128
	1192	1936
	1193	0
	1193	1
	1193	11
	1193	1675
	1193	2481
	1193	2518
	1194	0
	1194	1
	1194	11
	1194	22
	1195	0
	1195	1
	1195	11
	1195	24
	1195	58
	1195	68
	1196	0
	1196	1
	1196	11
	1196	5015
	1196	5191
	1197	0
	1197	1
	1197	11
	1197	4945
	1197	4958
	1198	0
	1198	1
	1198	105
	1198	4509
	1198	4910
	1199	0
	1199	1
	1199	11
	1199	4767
	1200	0
	1200	1
	1200	12
	1200	37
	1200	4160
	1200	4771
	1201	0
	1201	1
	1201	12
	1201	4317
	1202	0
	1202	1
	1202	12
	1202	2199
	1203	0
	1203	1
	1203	11
	1203	4545
	1204	0
	1204	1
	1204	11
	1204	3875
	1205	0
	1205	1
	1205	11
	1205	218
	1205	400
	1206	0
	1206	1
	1206	11
	1206	21
	1207	0
	1207	1
	1207	13
	1208	0
	1208	1
	1208	11
	1209	0
	1209	1
	1209	11
	1209	29
	1209	45
	1210	0
	1210	1
	1210	12
	1210	174
	1211	0
	1211	1
	1211	13
	1211	24
	1211	4395
	1212	0
	1212	1
	1212	12
	1212	142
	1212	310
	1212	327
	1212	690
	1212	711
	1212	726
	1213	0
	1213	1
	1213	101
	1213	301
	1213	314
	1214	0
	1214	1
	1214	17
	1214	41
	1215	0
	1215	1
	1215	132
	1216	0
	1216	1
	1216	13
	1216	131
	1216	2405
	1217	0
	1217	1
	1217	106
	1217	126
	1217	173
	1218	0
	1218	1
	1218	12
	1218	1375
	1219	0
	1219	1
	1219	11
	1219	127
	1220	0
	1220	1
	1220	13
	1220	42
	1221	0
	1221	1
	1221	11
	1221	185
	1221	325
	1221	342
	1222	0
	1222	1
	1222	11
	1223	0
	1223	1
	1223	11
	1223	21
	1223	34
	1223	91
	1224	0
	1224	1
	1224	11
	1224	21
	1225	0
	1225	1
	1225	11
	1226	0
	1226	1
	1226	11
	1226	26
	1227	0
	1227	10
	1227	155
	1228	0
	1228	1
	1228	11
	1228	21
	1229	0
	1229	1
	1229	11
	1229	21
	1230	0
	1230	13
	1230	321
	1231	0
	1231	1
	1231	11
	1231	21
	1232	0
	1232	1
	1232	13
	1232	157
	1232	170
	1233	0
	1233	1
	1233	11
	1233	63
	1234	0
	1234	1
	1234	11
	1235	0
	1235	1
	1235	11
	1235	22
	1235	33
	1236	0
	1236	1
	1236	11
	1237	0
	1237	1
	1237	12
	1237	23
	1237	2532
	1238	0
	1238	1
	1238	11
	1238	31
	1239	0
	1239	1
	1239	12
	1239	22
	1240	0
	1240	1
	1240	11
	1240	21
	1241	0
	1241	1
	1241	11
	1241	21
	1242	0
	1242	1
	1242	12
	1243	0
	1243	1
	1243	11
	1243	21
	1244	0
	1244	1
	1244	11
	1244	172
	1245	0
	1245	1
	1245	101
	1246	0
	1246	1
	1246	11
	1246	163
	1247	0
	1247	1
	1247	11
	1247	21
	1248	0
	1248	1
	1248	11
	1248	21
	1249	0
	1249	1
	1249	11
	1249	21
	1250	0
	1250	1
	1250	11
	1250	36
	1251	0
	1251	1
	1251	13
	1252	0
	1252	1
	1252	12
	1252	27
	1252	43
	1253	0
	1253	1
	1253	102
	1253	623
	1254	0
	1254	1
	1254	11
	1254	183
	1255	0
	1255	1
	1255	11
	1255	22
	1255	38
	1256	0
	1256	1
	1256	12
	1256	24
	1257	0
	1257	1
	1257	11
	1257	25
	1258	0
	1258	1
	1258	14
	1259	0
	1259	1
	1259	12
	1259	302
	1259	312
	1260	0
	1260	1
	1260	11
	1260	31
	1260	481
	1261	0
	1261	1
	1261	11
	1262	0
	1262	1
	1262	11
	1262	27
	1263	0
	1263	1
	1263	12
	1263	41
	1264	0
	1264	1
	1264	11
	1264	194
	1265	0
	1265	1
	1265	11
	1265	2363
	1265	2380
	1265	2392
	1265	2415
	1265	2432
	1265	3366
	1265	3377
	1265	3389
	1265	3407
	1265	3429
	1266	0
	1266	1
	1266	11
	1266	25
	1266	416
	1266	545
	1267	0
	1267	1
	1267	16
	1267	49
	1268	0
	1268	1
	1268	12
	1268	43
	1269	0
	1269	1
	1269	11
	1269	176
	1269	213
	1269	226
	1269	239
	1270	0
	1270	1
	1270	14
	1270	24
	1270	631
	1270	644
	1270	657
	1270	691
	1271	0
	1271	1
	1271	11
	1271	42
	1271	65
	1272	0
	1272	1
	1272	11
	1272	21
	1272	46
	1273	0
	1273	1
	1273	11
	1273	21
	1274	0
	1274	1
	1274	11
	1274	22
	1274	32
	1274	60
	1275	0
	1275	1
	1275	11
	1275	117
	1275	137
	1276	0
	1276	1
	1276	11
	1276	23
	1276	59
	1276	85
	1277	0
	1277	1
	1277	11
	1277	22
	1277	36
	1277	69
	1278	0
	1278	1
	1278	101
	1278	1688
	1279	0
	1279	1
	1279	11
	1279	21
	1279	245
	1280	0
	1280	1
	1280	11
	1280	21
	1280	259
	1281	0
	1281	1
	1281	11
	1281	35
	1281	48
	1281	90
	1282	0
	1282	1
	1282	11
	1282	22
	1282	50
	1282	627
	1283	0
	1283	1
	1283	11
	1283	132
	1284	0
	1284	1
	1284	11
	1284	23
	1284	43
	1284	53
	1284	591
	1284	629
	1285	0
	1285	1
	1285	11
	1285	21
	1285	51
	1285	98
	1286	0
	1286	1
	1286	104
	1286	135
	1286	1518
	1287	0
	1287	1
	1287	119
	1287	147
	1287	192
	1288	0
	1288	1
	1288	11
	1289	0
	1289	1
	1289	16
	1289	29
	1290	0
	1290	1
	1290	11
	1290	21
	1290	33
	1291	0
	1291	1
	1291	11
	1291	137
	1292	0
	1292	1
	1292	1099
	1292	1455
	1293	0
	1293	1
	1293	11
	1293	126
	1293	271
	1293	368
	1293	784
	1294	0
	1294	1
	1294	11
	1294	1184
	1295	0
	1295	1
	1295	11
	1295	203
	1295	392
	1295	413
	1295	527
	1296	0
	1296	1
	1296	11
	1296	26
	1296	44
	1297	0
	1297	1
	1297	11
	1297	27
	1297	40
	1297	711
	1298	0
	1298	1
	1298	100
	1298	590
	1299	0
	1299	1
	1299	11
	1299	117
	1299	457
	1300	0
	1300	1
	1300	11
	1300	1708
	1300	1718
	1301	0
	1301	1
	1301	11
	1301	27
	1302	0
	1302	1
	1302	11
	1302	153
	1303	0
	1303	1
	1303	11
	1303	128
	1304	0
	1304	1
	1304	11
	1304	27
	1305	0
	1305	1
	1305	11
	1305	22
	1305	32
	1305	48
	1306	0
	1306	1
	1306	11
	1306	3101
	1307	0
	1307	1
	1307	103
	1308	0
	1308	1
	1308	12
	1308	1826
	1308	1922
	1309	0
	1309	1
	1309	12
	1309	40
	1309	592
	1310	0
	1310	1
	1310	1137
	1310	1196
	1311	0
	1311	1
	1311	11
	1311	1385
	1311	1451
	1312	0
	1312	1
	1312	11
	1312	138
	1312	769
	1312	805
	1312	824
	1312	919
	1312	939
	1313	0
	1313	1
	1313	11
	1313	129
	1313	305
	1313	322
	1313	341
	1313	362
	1313	380
	1314	0
	1314	1
	1314	11
	1314	1356
	1314	1402
	1314	1418
	1315	0
	1315	1
	1315	11
	1315	110
	1315	220
	1315	734
	1315	746
	1315	802
	1316	0
	1316	1
	1316	12
	1316	244
	1316	288
	1316	466
	1316	520
	1317	0
	1317	1
	1317	1008
	1317	1030
	1317	2101
	1317	2180
	1317	2193
	1317	2206
	1318	0
	1318	1
	1318	11
	1318	22
	1318	237
	1318	248
	1318	340
	1318	512
	1319	0
	1319	1
	1319	107
	1320	0
	1320	1
	1320	11
	1320	146
	1320	286
	1320	297
	1321	0
	1321	1
	1321	11
	1321	31
	1321	42
	1322	0
	1322	1
	1322	11
	1322	142
	1322	191
	1322	754
	1323	0
	1323	1
	1323	11
	1323	1201
	1323	1217
	1323	1260
	1323	1946
	1323	1994
	1323	2008
	1324	0
	1324	1
	1324	11
	1324	1345
	1324	1361
	1324	4348
	1324	4549
	1325	0
	1325	1
	1325	11
	1325	21
	1325	4692
	1325	4939
	1326	0
	1326	1
	1326	12
	1326	2136
	1326	2248
	1327	0
	1327	1
	1327	11
	1327	192
	1327	915
	1328	0
	1328	1
	1328	11
	1328	37
	1329	0
	1329	1
	1329	11
	1329	1565
	1329	1607
	1329	1626
	1329	4680
	1329	4691
	1329	4907
	1330	0
	1330	1
	1330	105
	1330	1358
	1330	1413
	1330	1433
	1330	3495
	1330	3510
	1330	3540
	1330	7135
	1330	7159
	1330	7170
	1331	0
	1331	1
	1331	1048
	1331	7482
	1331	7494
	1331	7688
	1332	0
	1332	1
	1332	11
	1332	1388
	1332	1444
	1332	1512
	1332	1547
	1332	1590
	1332	3380
	1332	3392
	1332	3405
	1332	4354
	1332	4370
	1332	4394
	1332	4639
	1332	4662
	1332	4680
	1333	0
	1333	1
	1333	11
	1333	1890
	1333	1990
	1334	0
	1334	1
	1334	11
	1334	121
	1334	207
	1334	3310
	1335	0
	1335	1
	1335	11
	1335	256
	1335	614
	1335	628
	1336	0
	1336	1
	1336	108
	1336	2821
	1336	2839
	1336	2862
	1336	2873
	1337	0
	1337	1
	1337	106
	1337	300
	1338	0
	1338	1
	1338	13
	1338	155
	1338	817
	1339	0
	1339	1
	1339	11
	1339	26
	1339	45
	1340	0
	1340	1
	1340	11
	1340	1143
	1341	0
	1341	1
	1341	11
	1341	25
	1341	3716
	1341	3752
	1342	0
	1342	1
	1342	11
	1342	232
	1343	0
	1343	1
	1343	106
	1344	0
	1344	1
	1344	11
	1344	27
	1344	395
	1344	760
	1344	770
	1345	0
	1345	1
	1345	11
	1345	1279
	1345	1404
	1345	1664
	1346	0
	1346	1
	1346	11
	1346	117
	1346	135
	1346	161
	1346	308
	1347	0
	1347	1
	1347	1145
	1348	0
	1348	1
	1348	1040
	1348	1066
	1349	0
	1349	1
	1349	12
	1349	1507
	1350	0
	1350	1
	1350	14
	1350	190
	1350	201
	1350	512
	1350	564
	1350	574
	1351	0
	1351	1
	1351	11
	1351	21
	1351	234
	1351	2659
	1351	2669
	1351	2694
	1352	0
	1352	1
	1352	106
	1352	1694
	1352	4121
	1353	0
	1353	1
	1353	11
	1353	33
	1353	4411
	1354	0
	1354	1
	1354	11
	1354	136
	1354	212
	1354	240
	1354	294
	1354	735
	1355	0
	1355	1
	1355	11
	1355	30
	1355	63
	1356	0
	1356	1
	1356	11
	1357	0
	1357	1
	1357	15
	1357	51
	1358	0
	1358	10
	1358	295
	1359	0
	1359	1
	1359	11
	1359	1122
	1359	1606
	1360	0
	1360	1
	1360	11
	1360	1119
	1361	0
	1361	1
	1361	12
	1361	1322
	1361	1543
	1361	1689
	1362	0
	1362	1
	1362	1132
	1362	1184
	1363	0
	1363	1
	1363	102
	1363	1695
	1363	1710
	1364	0
	1364	1
	1364	107
	1364	132
	1365	0
	1365	1
	1365	11
	1365	1281
	1365	1908
	1365	3431
	1366	0
	1366	1
	1366	13
	1366	25
	1366	565
	1366	812
	1367	0
	1367	1
	1367	11
	1367	23
	1367	865
	1368	0
	1368	1
	1368	11
	1368	22
	1368	53
	1368	875
	1369	0
	1369	1
	1369	1090
	1370	0
	1370	1
	1370	11
	1370	1698
	1371	0
	1371	1
	1371	11
	1371	2164
	1371	2192
	1372	0
	1372	1
	1372	11
	1372	1883
	1373	0
	1373	1
	1373	1042
	1373	1726
	1373	1736
	1374	0
	1374	1
	1374	11
	1374	1495
	1375	0
	1375	1
	1375	1066
	1376	0
	1376	1
	1376	11
	1376	880
	1377	0
	1377	1
	1377	1084
	1377	2492
	1378	0
	1378	1
	1378	14
	1378	324
	1378	694
	1379	0
	1379	1
	1379	106
	1380	0
	1380	1
	1380	11
	1380	21
	1380	256
	1380	912
	1381	0
	1381	1
	1381	12
	1382	0
	1382	1
	1382	11
	1382	43
	1382	871
	1383	0
	1383	1
	1383	11
	1384	0
	1384	1
	1384	11
	1384	26
	1384	352
	1385	0
	1385	1
	1385	1081
	1385	1424
	1386	0
	1386	1
	1386	11
	1386	467
	1387	0
	1387	1
	1387	11
	1387	38
	1387	702
	1388	0
	1388	1
	1388	11
	1389	0
	1389	1
	1389	12
	1389	725
	1390	0
	1390	1
	1390	11
	1390	753
	1391	0
	1391	1
	1391	11
	1392	0
	1392	1
	1392	12
	1392	475
	1392	634
	1393	0
	1393	1
	1393	11
	1393	776
	1394	0
	1394	1
	1394	12
	1394	26
	1394	41
	1395	0
	1395	1
	1395	13
	1395	25
	1395	513
	1396	0
	1396	1
	1396	11
	1396	26
	1396	38
	1397	0
	1397	1
	1397	11
	1397	25
	1397	35
	1398	0
	1398	1
	1398	12
	1398	1914
	1398	1933
	1398	2380
	1398	2390
	1399	0
	1399	1
	1399	11
	1400	0
	1400	1
	1400	12
	1400	1307
	1400	2721
	1401	0
	1401	1
	1401	17
	1401	257
	1401	724
	1402	0
	1402	1
	1402	13
	1402	169
	1402	227
	1402	333
	1402	364
	1402	487
	1403	0
	1403	1
	1403	12
	1403	279
	1403	329
	1403	348
	1404	0
	1404	1
	1404	11
	1404	1188
	1404	1218
	1405	0
	1405	10
	1405	2049
	1405	6674
	1405	6724
	1405	8044
	1405	8092
	1406	0
	1406	1
	1406	11
	1406	25
	1406	332
	1407	0
	1407	1
	1407	105
	1408	0
	1408	1
	1408	13
	1408	30
	1408	83
	1409	0
	1409	1
	1409	14
	1409	154
	1409	334
	1409	492
	1410	0
	1410	102
	1410	117
	1410	258
	1410	281
	1410	3063
	1411	0
	1411	1
	1411	11
	1411	153
	1411	185
	1412	0
	1412	1
	1412	11
	1412	128
	1412	167
	1413	0
	1413	1
	1413	123
	1413	183
	1413	195
	1413	292
	1414	0
	1414	1
	1414	11
	1414	110
	1414	1301
	1414	3608
	1415	0
	1415	1
	1415	12
	1415	1251
	1415	1313
	1415	2090
	1415	4157
	1416	0
	1416	1
	1416	101
	1417	0
	1417	1
	1417	11
	1417	158
	1418	0
	1418	1
	1418	13
	1418	27
	1418	353
	1418	379
	1418	463
	1418	680
	1419	0
	1419	1
	1419	13
	1419	173
	1419	184
	1419	676
	1420	0
	1420	1
	1420	11
	1420	117
	1420	320
	1420	472
	1420	492
	1421	0
	1421	1
	1421	11
	1421	112
	1421	2651
	1421	2687
	1421	4945
	1422	0
	1422	1
	1422	12
	1422	2187
	1422	2217
	1422	2239
	1422	8501
	1422	8555
	1423	0
	1423	1
	1423	11
	1423	1258
	1423	1516
	1423	8373
	1423	8601
	1424	0
	1424	1
	1424	11
	1424	26
	1424	350
	1424	7897
	1425	0
	1425	1
	1425	106
	1425	8458
	1425	8566
	1426	0
	1426	1
	1426	11
	1426	2307
	1426	2381
	1426	8055
	1427	0
	1427	1
	1427	11
	1427	1469
	1427	2305
	1427	2315
	1427	3209
	1427	8531
	1428	0
	1428	1
	1428	11
	1428	2390
	1428	8549
	1429	0
	1429	1
	1429	11
	1429	116
	1429	2058
	1429	8414
	1429	8677
	1430	0
	1430	1
	1430	14
	1430	36
	1430	377
	1430	3830
	1430	8545
	1431	0
	1431	1
	1431	12
	1431	193
	1431	2128
	1431	2514
	1431	3990
	1431	4030
	1431	5562
	1432	0
	1432	1
	1432	102
	1432	132
	1432	2129
	1433	0
	1433	1
	1433	11
	1433	1102
	1434	0
	1434	1
	1434	11
	1434	182
	1435	0
	1435	1
	1435	11
	1435	159
	1435	2536
	1436	0
	1436	1
	1436	101
	1436	154
	1436	1990
	1437	0
	1437	1
	1437	11
	1437	176
	1437	186
	1437	403
	1437	418
	1438	0
	1438	1
	1438	11
	1438	1285
	1438	1350
	1438	1426
	1438	1440
	1439	0
	1439	1
	1439	11
	1439	1215
	1439	1241
	1439	1274
	1439	2247
