	000	0
	000	1
	000	114
	000	125
	000	157
	000	183
	000	213
	000	265
	000	301
	000	314
	000	335
	000	451
	000	495
	000	675
	001	0
	001	1
	001	102
	001	132
	001	189
	001	220
	001	250
	001	273
	001	425
	001	468
	002	0
	002	1
	002	100
	002	1204
	003	0
	003	1
	003	105
	003	117
	003	132
	003	155
	003	190
	003	251
	003	286
	004	0
	004	1
	004	102
	004	114
	004	124
	004	152
	004	1680
	004	1869
	005	0
	005	1
	005	104
	005	128
	005	139
	005	152
	005	193
	005	2067
	006	0
	006	1
	006	109
	006	123
	006	1233
	006	1340
	007	0
	007	1
	007	1010
	008	0
	008	1
	008	104
	008	119
	008	131
	008	249
	008	261
	008	290
	008	304
	008	438
	008	882
	009	0
	009	1
	009	11
	009	111
	009	128
	009	139
	009	225
	009	237
	009	270
	009	333
	009	346
	009	408
	009	419
	009	692
	010	0
	010	1
	010	11
	010	130
	010	158
	010	177
	010	315
	010	327
	010	442
	010	590
	010	972
	011	0
	011	1
	011	1063
	011	1227
	012	0
	012	1
	012	11
	012	142
	012	162
	012	2037
	013	0
	013	1
	013	108
	013	1250
	014	0
	014	1
	014	103
	014	1057
	015	0
	015	1
	015	100
	015	134
	015	191
	015	222
	015	279
	015	336
	015	424
	015	612
	015	778
	015	814
	016	0
	016	1
	016	106
	016	126
	016	146
	016	173
	016	1741
	017	0
	017	1
	017	1007
	017	5164
	018	0
	018	1
	018	100
	018	112
	018	126
	018	138
	018	1566
	018	1829
	018	1840
	018	3174
	019	0
	019	1
	019	11
	019	1415
	019	1590
	019	1878
	019	2273
	020	0
	020	1
	020	100
	020	1036
	020	1440
	020	1852
	021	0
	021	1
	021	109
	021	125
	021	1340
	021	1466
	021	1540
	021	2356
	021	4184
	022	0
	022	1
	022	11
	022	1219
	023	0
	023	1
	023	103
	023	117
	023	130
	023	147
	023	179
	023	2009
	023	2769
	024	0
	024	1
	024	100
	024	127
	024	146
	024	156
	024	168
	024	182
	024	224
	024	235
	024	268
	024	313
	024	405
	024	598
	024	720
	025	0
	025	1
	025	105
	025	129
	025	142
	025	178
	025	243
	025	2912
	026	0
	026	1
	026	100
	026	1167
	026	1373
	026	4192
	027	0
	027	1
	027	102
	027	1203
	027	1557
	027	1691
	027	1871
	028	0
	028	1
	028	102
	028	1095
	028	2206
	028	2909
	028	5799
	029	0
	029	1
	029	11
	029	1143
	029	1619
	029	1730
	030	0
	030	1
	030	1097
	030	1677
	030	1751
	031	0
	031	1
	031	103
	031	145
	031	155
	031	174
	031	192
	031	2038
	032	0
	032	1
	032	108
	032	119
	032	148
	032	166
	032	196
	032	2235
	032	2443
	032	3657
	033	0
	033	1
	033	1014
	033	1195
	033	1857
	034	0
	034	1
	034	102
	034	115
	034	127
	034	1323
	034	2867
	034	6132
	035	0
	035	1
	035	100
	035	115
	035	1320
	035	2660
	036	0
	036	1
	036	101
	036	129
	036	145
	036	166
	036	1966
	036	2542
	037	0
	037	1
	037	1134
	037	1215
	037	2273
	037	2390
	037	2510
	038	0
	038	1
	038	100
	038	110
	038	124
	038	139
	038	165
	038	176
	038	1973
	038	2338
	039	0
	039	1
	039	1017
	040	0
	040	1
	040	101
	040	111
	040	124
	040	137
	040	149
	040	1781
	041	0
	041	1
	041	11
	041	1279
	041	1701
	041	2086
	041	2464
	042	0
	042	1
	042	11
	042	115
	042	145
	042	170
	042	183
	042	193
	042	389
	042	450
	042	502
	042	719
	042	745
	042	761
	042	853
	043	0
	043	1
	043	101
	043	1200
	043	1226
	044	0
	044	1
	044	107
	044	127
	044	137
	044	1404
	044	1474
	044	1891
	044	1959
	045	0
	045	1
	045	110
	045	121
	045	132
	045	1412
	045	1428
	045	1482
	045	1777
	046	0
	046	1
	046	11
	046	1259
	046	1426
	046	4140
	047	0
	047	1
	047	109
	047	126
	047	146
	047	1461
	047	2088
	047	2141
	047	2326
	047	2585
	048	0
	048	1
	048	103
	048	163
	048	1642
	049	0
	049	1
	049	101
	049	111
	049	1222
	049	1309
	050	0
	050	1
	050	104
	050	117
	050	136
	050	154
	050	211
	050	243
	050	259
	050	283
	050	343
	050	416
	050	697
	050	738
	050	814
	050	901
	051	0
	051	1
	051	1044
	051	1106
	051	1706
	051	2757
	051	2837
	052	0
	052	1
	052	104
	052	1093
	052	2045
	052	2455
	053	0
	053	1
	053	1005
	053	1027
	053	1044
	053	1215
	053	1421
	053	2651
	053	3136
	054	0
	054	1
	054	101
	054	1022
	054	1171
	054	1262
	054	1350
	055	0
	055	1
	055	103
	055	120
	055	1319
	055	1471
	055	2327
	056	0
	056	1
	056	101
	056	1013
	056	1129
	056	1549
	057	0
	057	1
	057	11
	057	110
	057	121
	057	131
	057	1429
	057	1720
	058	0
	058	1
	058	102
	058	127
	058	1309
	058	1348
	059	0
	059	1
	059	108
	059	153
	059	179
	059	198
	059	2067
	059	2081
	060	0
	060	1
	060	1149
	060	1195
	060	2764
	060	4578
	060	9820
	061	0
	061	1
	061	1055
	061	1215
	061	1351
	061	1442
	061	2028
	062	0
	062	1
	062	103
	062	1121
	062	1271
	062	1509
	062	2074
	063	0
	063	1
	063	11
	063	1129
	063	1191
	063	1401
	063	1729
	064	0
	064	1
	064	1069
	064	1094
	064	1222
	064	1450
	064	1937
	064	2034
	065	0
	065	1
	065	107
	065	1281
	066	0
	066	1
	066	101
	066	116
	066	1210
	067	0
	067	1
	067	106
	067	122
	067	200
	067	227
	067	304
	067	3043
	067	4012
	068	0
	068	1
	068	100
	068	157
	068	172
	068	261
	068	294
	068	332
	068	369
	068	449
	068	511
	068	522
	068	549
	068	580
	068	731
	069	0
	069	1
	069	1075
	070	0
	070	1
	070	108
	070	173
	070	197
	070	264
	070	370
	070	658
	071	0
	071	1
	071	105
	071	120
	071	174
	072	0
	072	1
	072	11
	072	1115
	073	0
	073	1
	073	103
	073	114
	073	138
	073	188
	073	593
	074	0
	074	1
	074	101
	074	116
	074	192
	074	212
	074	460
	075	0
	075	1
	075	109
	075	132
	075	158
	075	258
	076	0
	076	1
	076	102
	076	115
	076	127
	076	139
	076	330
	076	393
	077	0
	077	1
	077	11
	077	22
	077	32
	077	44
	077	54
	077	64
	077	79
	077	90
	078	0
	078	1
	078	11
	078	111
	078	1138
	078	2468
	079	0
	079	1
	079	106
	079	119
	079	136
	079	233
	079	402
	079	495
	079	516
	079	871
	080	0
	080	1
	080	102
	080	129
	081	0
	081	1
	081	11
	081	112
	081	1143
	082	0
	082	1
	082	105
	082	119
	082	203
	083	0
	083	1
	083	104
	083	132
	083	213
	083	304
	084	0
	084	1
	084	11
	084	23
	084	275
	084	291
	085	0
	085	1
	085	1029
	085	1046
	085	1099
	086	0
	086	1
	086	106
	086	172
	086	301
	086	473
	086	491
	087	0
	087	1
	087	100
	087	159
	087	172
	087	1854
	088	0
	088	1
	088	110
	088	123
	088	134
	088	163
	088	543
	089	0
	089	1
	089	1107
	090	0
	090	1
	090	11
	090	119
	090	136
	090	203
	090	246
	090	260
	090	287
	090	317
	090	967
	091	0
	091	1
	091	106
	091	1154
	091	1228
	091	1248
	091	1308
	091	1322
	091	1357
	091	1390
	091	2164
	092	0
	092	1
	092	11
	092	1251
	092	1314
	092	1324
	092	2599
	092	2612
	092	2746
	093	0
	093	1
	093	109
	093	131
	093	170
	093	1861
	093	1958
	094	0
	094	1
	094	109
	094	197
	094	365
	094	402
	094	423
	094	616
	094	654
	094	687
	095	0
	095	1
	095	100
	095	124
	095	273
	095	461
	095	602
	095	612
	095	623
	095	636
	096	0
	096	1
	096	103
	097	0
	097	1
	097	1037
	097	3354
	098	0
	098	1
	098	106
	098	148
	098	337
	098	384
	098	702
	098	9620
	099	0
	099	1
	099	12
	099	30
	099	373
	099	404
	099	5160
	099	7132
	100	0
	100	1
	100	1161
	1000	0
	1000	1
	1000	11
	1000	145
	1000	284
	1000	465
	1000	487
	1000	534
	1001	0
	1001	1
	1001	11
	1001	115
	1001	186
	1001	205
	1001	233
	1001	278
	1002	0
	1002	1
	1002	105
	1002	124
	1002	138
	1002	259
	1002	301
	1002	315
	1003	0
	1003	1
	1003	128
	1003	238
	1003	397
	1003	574
	1004	0
	1004	1
	1004	12
	1004	145
	1004	202
	1004	219
	1004	241
	1004	272
	1004	694
	1005	0
	1005	1
	1005	11
	1005	1718
	1006	0
	1006	1
	1006	107
	1006	302
	1006	356
	1006	616
	1007	0
	1007	1
	1007	11
	1007	145
	1007	472
	1008	0
	1008	1
	1008	112
	1008	151
	1009	0
	1009	1
	1009	11
	1009	127
	1009	180
	1009	25094
	101	0
	101	1
	101	106
	101	120
	101	1413
	1010	0
	1010	1
	1010	11
	1010	113
	1010	138
	1010	149
	1010	160
	1010	174
	1010	190
	1010	245
	1011	0
	1011	1
	1011	103
	1011	119
	1011	1303
	1012	0
	1012	1
	1012	100
	1012	112
	1012	130
	1012	144
	1012	552
	1012	570
	1012	682
	1013	0
	1013	1
	1013	104
	1013	114
	1013	137
	1013	167
	1013	327
	1013	838
	1014	0
	1014	1
	1014	106
	1014	126
	1014	242
	1014	493
	1014	576
	1014	612
	1014	925
	1015	0
	1015	1
	1015	12
	1015	124
	1015	135
	1015	170
	1015	572
	1015	702
	1016	0
	1016	1
	1016	11
	1016	128
	1016	138
	1016	183
	1016	590
	1017	0
	1017	1
	1017	11
	1017	135
	1017	147
	1017	206
	1017	660
	1017	673
	1017	700
	1018	0
	1018	1
	1018	101
	1018	113
	1018	151
	1018	196
	1018	324
	1018	380
	1018	845
	1019	0
	1019	1
	1019	1096
	1019	1262
	102	0
	102	1
	102	1258
	102	4686
	1020	0
	1020	1
	1020	108
	1020	128
	1020	178
	1020	283
	1020	320
	1020	557
	1020	590
	1020	653
	1021	0
	1021	1
	1021	1042
	1021	1291
	1022	0
	1022	1
	1022	118
	1022	1307
	1022	5786
	1023	0
	1023	1
	1023	106
	1023	132
	1023	154
	1023	164
	1023	248
	1023	3957
	1024	0
	1024	1
	1024	1026
	1024	1036
	1025	0
	1025	1
	1025	105
	1025	1403
	1025	1737
	1025	2426
	1025	4165
	1026	0
	1026	1
	1026	101
	1026	140
	1026	183
	1026	215
	1026	2200
	1026	2826
	1026	7905
	1027	0
	1027	1
	1027	11
	1027	110
	1027	126
	1027	1603
	1027	3471
	1027	4466
	1027	5383
	1028	0
	1028	1
	1028	13
	1028	139
	1028	1907
	1028	2248
	1028	3107
	1028	4441
	1029	0
	1029	1
	1029	100
	1029	141
	1029	1759
	1029	2184
	1029	2610
	103	0
	103	1
	103	11
	103	118
	103	1307
	1030	0
	1030	1
	1030	1009
	1030	1611
	1030	3138
	1030	7137
	1031	0
	1031	1
	1031	12
	1031	137
	1031	199
	1031	3768
	1031	4741
	1031	7265
	1032	0
	1032	1
	1032	11
	1032	1124
	1032	3272
	1032	3721
	1033	0
	1033	1
	1033	105
	1033	122
	1033	168
	1033	193
	1033	2653
	1033	3598
	1033	6080
	1034	0
	1034	1
	1034	1047
	1034	1076
	1034	2741
	1034	3350
	1034	5948
	1035	0
	1035	1
	1035	11
	1035	141
	1035	182
	1035	241
	1035	2835
	1035	2885
	1036	0
	1036	1
	1036	112
	1036	136
	1036	146
	1036	166
	1036	223
	1036	242
	1036	289
	1036	319
	1036	384
	1036	395
	1037	0
	1037	1
	1037	12
	1037	129
	1037	176
	1037	243
	1037	264
	1037	276
	1037	339
	1037	617
	1038	0
	1038	1
	1038	107
	1038	1224
	1038	2453
	1039	0
	1039	1
	1039	100
	1039	123
	1039	144
	1039	155
	1039	1812
	1039	1930
	104	0
	104	1
	104	105
	104	125
	104	151
	104	170
	104	229
	104	372
	104	657
	104	925
	1040	0
	1040	1
	1040	103
	1040	123
	1040	147
	1040	1701
	1040	2736
	1040	3436
	1041	0
	1041	1
	1041	1047
	1041	1625
	1042	0
	1042	1
	1042	1044
	1042	1113
	1043	0
	1043	1
	1043	112
	1043	124
	1043	153
	1043	191
	1043	210
	1043	240
	1043	263
	1043	410
	1043	636
	1043	805
	1044	0
	1044	1
	1044	101
	1044	142
	1044	163
	1044	1730
	1045	0
	1045	1
	1045	106
	1045	1799
	1046	0
	1046	1
	1046	12
	1046	1615
	1047	0
	1047	1
	1047	11
	1047	112
	1047	136
	1047	159
	1047	198
	1047	244
	1047	276
	1048	0
	1048	1
	1048	11
	1048	153
	1048	184
	1048	1888
	1048	2124
	1048	2230
	1049	0
	1049	1
	1049	100
	1049	116
	1049	132
	1049	190
	1049	578
	1049	606
	105	0
	105	1
	105	11
	105	122
	105	273
	105	3109
	1050	0
	1050	1
	1050	11
	1050	114
	1050	128
	1050	142
	1050	154
	1050	180
	1050	192
	1050	204
	1050	220
	1050	839
	1051	0
	1051	1
	1051	1048
	1051	1099
	1051	1558
	1051	1639
	1051	4516
	1052	0
	1052	1
	1052	112
	1052	129
	1052	1555
	1052	1586
	1053	0
	1053	1
	1053	104
	1053	115
	1053	1155
	1054	0
	1054	1
	1054	13
	1054	181
	1054	195
	1054	206
	1054	482
	1055	0
	1055	1
	1055	100
	1055	117
	1055	136
	1055	146
	1055	160
	1055	172
	1055	245
	1055	365
	1055	732
	1056	0
	1056	1
	1056	106
	1056	1168
	1057	0
	1057	1
	1057	1070
	1058	0
	1058	1
	1058	184
	1058	196
	1058	232
	1058	321
	1058	432
	1058	5109
	1059	0
	1059	1
	1059	11
	1059	139
	1059	686
	106	0
	106	1
	106	125
	106	170
	106	224
	106	2345
	106	2517
	1060	0
	1060	1
	1060	107
	1060	139
	1060	150
	1060	763
	1061	0
	1061	1
	1061	11
	1061	149
	1061	173
	1061	204
	1061	265
	1061	322
	1062	0
	1062	1
	1062	100
	1062	132
	1062	184
	1062	393
	1063	0
	1063	1
	1063	104
	1063	128
	1063	139
	1063	176
	1063	234
	1063	294
	1063	438
	1064	0
	1064	1
	1064	11
	1064	111
	1064	135
	1064	188
	1064	279
	1064	592
	1065	0
	1065	1
	1065	104
	1065	127
	1065	146
	1065	1856
	1066	0
	1066	1
	1066	106
	1066	152
	1066	1912
	1066	1966
	1067	0
	1067	1
	1067	109
	1067	120
	1067	133
	1067	155
	1067	262
	1067	2661
	1068	0
	1068	1
	1068	101
	1068	122
	1068	134
	1068	147
	1068	1685
	1069	0
	1069	1
	1069	104
	1069	119
	1069	140
	1069	158
	1069	180
	1069	250
	1069	266
	1069	411
	1069	791
	107	0
	107	1
	107	102
	107	123
	107	155
	107	165
	107	177
	107	1991
	107	2479
	107	3197
	107	3366
	1070	0
	1070	1
	1070	100
	1070	116
	1070	128
	1070	159
	1070	188
	1070	239
	1070	305
	1070	361
	1070	390
	1070	549
	1071	0
	1071	1
	1071	1060
	1071	2036
	1072	0
	1072	1
	1072	109
	1072	159
	1072	180
	1072	220
	1072	529
	1073	0
	1073	1
	1073	11
	1073	117
	1073	148
	1073	167
	1073	182
	1073	214
	1073	283
	1073	525
	1074	0
	1074	1
	1074	11
	1074	1194
	1075	0
	1075	1
	1075	107
	1075	119
	1075	153
	1075	212
	1075	234
	1075	336
	1075	422
	1075	503
	1076	0
	1076	1
	1076	112
	1076	122
	1076	139
	1076	149
	1076	166
	1076	252
	1076	386
	1076	877
	1077	0
	1077	1
	1077	107
	1077	128
	1077	140
	1077	199
	1077	236
	1077	266
	1077	331
	1078	0
	1078	1
	1078	1106
	1078	1496
	1078	1569
	1078	3546
	1078	4946
	1079	0
	1079	1
	1079	11
	1079	119
	1079	158
	1079	249
	1079	299
	1079	315
	108	0
	108	1
	108	101
	108	122
	108	144
	108	162
	108	1715
	108	3543
	1080	0
	1080	1
	1080	11
	1080	121
	1080	228
	1081	0
	1081	1
	1081	102
	1081	112
	1081	148
	1081	1508
	1082	0
	1082	1
	1082	103
	1082	118
	1082	137
	1082	1662
	1083	0
	1083	1
	1083	11
	1083	123
	1083	335
	1084	0
	1084	1
	1084	11
	1084	1120
	1085	0
	1085	1
	1085	103
	1085	119
	1085	132
	1085	1401
	1086	0
	1086	1
	1086	11
	1086	135
	1086	1367
	1086	1435
	1086	1580
	1086	1714
	1087	0
	1087	1
	1087	11
	1087	111
	1087	145
	1087	1604
	1087	1689
	1088	0
	1088	1
	1088	1011
	1089	0
	1089	1
	1089	107
	1089	129
	1089	189
	1089	210
	1089	257
	1089	270
	1089	304
	1089	511
	1089	525
	1089	548
	1089	579
	1089	684
	1089	717
	109	0
	109	1
	109	1027
	109	1657
	109	5150
	1090	0
	1090	1
	1090	11
	1090	120
	1090	1461
	1090	1801
	1090	1911
	1091	0
	1091	1
	1091	11
	1091	110
	1091	1135
	1091	1411
	1091	1470
	1091	4559
	1092	0
	1092	1
	1092	11
	1092	1129
	1093	0
	1093	1
	1093	122
	1093	1316
	1094	0
	1094	1
	1094	108
	1094	120
	1094	1251
	1094	1678
	1095	0
	1095	1
	1095	1105
	1095	1119
	1096	0
	1096	1
	1096	11
	1096	110
	1096	143
	1096	162
	1096	1860
	1096	2107
	1097	0
	1097	1
	1097	108
	1097	118
	1097	147
	1097	183
	1097	204
	1097	220
	1097	265
	1097	294
	1097	455
	1098	0
	1098	1
	1098	11
	1098	127
	1098	139
	1098	182
	1098	222
	1098	233
	1098	289
	1098	303
	1098	342
	1098	384
	1098	436
	1099	0
	1099	1
	1099	106
	1099	120
	1099	1441
	1099	1472
	1099	1501
	110	0
	110	1
	110	100
	110	140
	110	1667
	110	1902
	1100	0
	1100	1
	1100	102
	1100	114
	1100	125
	1100	1399
	1100	1436
	1100	1489
	1100	1523
	1100	1590
	1100	1601
	1101	0
	1101	1
	1101	104
	1101	120
	1101	141
	1101	152
	1101	164
	1101	273
	1101	432
	1101	647
	1101	691
	1101	738
	1102	0
	1102	1
	1102	11
	1102	149
	1102	167
	1102	181
	1102	193
	1102	236
	1102	269
	1102	2850
	1103	0
	1103	1
	1103	102
	1103	128
	1103	152
	1103	1645
	1103	2045
	1104	0
	1104	1
	1104	109
	1104	1139
	1105	0
	1105	1
	1105	1074
	1106	0
	1106	1
	1106	104
	1106	126
	1106	144
	1106	168
	1106	200
	1106	214
	1106	302
	1107	0
	1107	1
	1107	109
	1107	1134
	1108	0
	1108	1
	1108	11
	1108	115
	1108	178
	1108	555
	1108	619
	1109	0
	1109	1
	1109	102
	1109	120
	1109	133
	1109	238
	111	0
	111	1
	111	109
	111	122
	111	1240
	111	1560
	1110	0
	1110	1
	1110	11
	1110	111
	1110	163
	1111	0
	1111	1
	1111	106
	1111	128
	1111	154
	1111	185
	1111	213
	1111	262
	1112	0
	1112	1
	1112	11
	1112	171
	1112	208
	1113	0
	1113	1
	1113	11
	1113	110
	1114	0
	1114	1
	1114	103
	1114	1105
	1114	2073
	1115	0
	1115	1
	1115	11
	1115	131
	1115	165
	1115	187
	1115	203
	1115	328
	1115	455
	1116	0
	1116	1
	1116	108
	1116	133
	1116	147
	1116	344
	1117	0
	1117	1
	1117	100
	1117	120
	1117	165
	1117	246
	1117	309
	1117	490
	1117	548
	1118	0
	1118	1
	1118	100
	1118	122
	1118	134
	1118	158
	1118	1675
	1118	2579
	1118	4149
	1119	0
	1119	1
	1119	102
	1119	253
	1119	368
	112	0
	112	1
	112	13
	112	132
	112	1991
	112	3466
	112	3893
	112	4672
	1120	0
	1120	1
	1120	11
	1120	112
	1120	131
	1120	268
	1121	0
	1121	1
	1121	109
	1121	175
	1121	203
	1122	0
	1122	1
	1122	11
	1122	22
	1122	33
	1122	46
	1122	64
	1122	86
	1123	0
	1123	1
	1123	11
	1123	126
	1123	169
	1124	0
	1124	1
	1124	11
	1124	117
	1124	131
	1124	209
	1124	743
	1124	812
	1125	0
	1125	1
	1125	106
	1125	120
	1125	208
	1125	390
	1125	576
	1125	589
	1126	0
	1126	1
	1126	108
	1126	145
	1126	159
	1126	547
	1127	0
	1127	1
	1127	11
	1127	115
	1127	132
	1127	171
	1127	417
	1128	0
	1128	1
	1128	104
	1128	169
	1128	294
	1128	353
	1128	403
	1128	712
	1128	914
	1129	0
	1129	1
	1129	106
	1129	236
	113	0
	113	1
	113	103
	113	152
	113	163
	113	225
	113	287
	113	2891
	113	3173
	113	3296
	113	3367
	1130	0
	1130	1
	1130	11
	1130	133
	1130	146
	1130	536
	1131	0
	1131	1
	1131	100
	1131	158
	1131	214
	1131	239
	1132	0
	1132	1
	1132	11
	1132	173
	1132	216
	1133	0
	1133	1
	1133	11
	1133	172
	1133	204
	1133	701
	1133	910
	1134	0
	1134	1
	1134	11
	1134	130
	1134	240
	1134	418
	1134	457
	1135	0
	1135	1
	1135	102
	1135	126
	1135	140
	1135	164
	1135	225
	1135	276
	1136	0
	1136	1
	1136	11
	1136	116
	1136	126
	1136	145
	1136	164
	1136	188
	1136	204
	1137	0
	1137	1
	1137	106
	1137	146
	1137	1819
	1137	1830
	1137	2139
	1138	0
	1138	1
	1138	108
	1138	129
	1138	140
	1138	1585
	1139	0
	1139	1
	1139	100
	1139	2089
	1139	2391
	1139	2510
	114	0
	114	1
	114	106
	114	144
	114	159
	114	186
	114	203
	114	254
	114	285
	114	2891
	114	3555
	1140	0
	1140	1
	1140	11
	1140	134
	1140	146
	1140	712
	1140	737
	1141	0
	1141	1
	1141	103
	1141	1138
	1141	1310
	1141	1975
	1142	0
	1142	1
	1142	1199
	1143	0
	1143	1
	1143	11
	1143	121
	1143	1210
	1144	0
	1144	1
	1144	105
	1144	143
	1144	154
	1144	205
	1144	262
	1144	282
	1144	659
	1144	844
	1145	0
	1145	1
	1145	11
	1145	22
	1145	252
	1145	294
	1145	320
	1145	370
	1145	534
	1146	0
	1146	1
	1146	107
	1146	125
	1146	160
	1146	187
	1146	3343
	1147	0
	1147	1
	1147	11
	1147	134
	1147	205
	1147	337
	1147	355
	1147	843
	1148	0
	1148	1
	1148	11
	1148	175
	1148	246
	1148	291
	1148	342
	1148	401
	1149	0
	1149	1
	1149	11
	1149	121
	1149	271
	1149	297
	1149	320
	1149	376
	115	0
	115	1
	115	101
	115	211
	115	230
	115	261
	115	290
	115	304
	115	316
	115	377
	1150	0
	1150	1
	1150	101
	1150	122
	1150	162
	1150	184
	1150	321
	1150	401
	1150	414
	1151	0
	1151	1
	1151	102
	1151	142
	1151	183
	1151	210
	1151	247
	1151	408
	1152	0
	1152	1
	1152	1044
	1153	0
	1153	1
	1153	103
	1153	1070
	1154	0
	1154	1
	1154	107
	1154	126
	1154	190
	1154	316
	1154	327
	1155	0
	1155	1
	1155	11
	1155	135
	1155	171
	1155	185
	1155	371
	1155	737
	1156	0
	1156	1
	1156	11
	1156	126
	1156	181
	1156	261
	1156	299
	1156	416
	1157	0
	1157	1
	1157	111
	1158	0
	1158	1
	1158	108
	1158	136
	1158	1362
	1158	1649
	1159	0
	1159	1
	1159	103
	1159	1222
	116	0
	116	1
	116	116
	116	128
	116	149
	116	159
	116	177
	116	219
	116	292
	116	348
	116	378
	1160	0
	1160	1
	1160	105
	1160	119
	1160	145
	1160	160
	1160	211
	1160	277
	1160	296
	1160	374
	1160	395
	1160	598
	1160	765
	1161	0
	1161	1
	1161	103
	1161	126
	1161	190
	1161	382
	1161	413
	1161	583
	1161	787
	1162	0
	1162	1
	1162	11
	1162	110
	1162	127
	1162	200
	1162	260
	1162	308
	1162	373
	1162	423
	1162	494
	1162	595
	1162	838
	1162	951
	1163	0
	1163	1
	1163	11
	1163	111
	1163	255
	1163	349
	1163	456
	1163	816
	1164	0
	1164	1
	1164	103
	1164	116
	1164	127
	1164	165
	1165	0
	1165	1
	1165	108
	1165	183
	1165	218
	1165	419
	1165	470
	1165	845
	1165	890
	1166	0
	1166	1
	1166	106
	1166	123
	1166	174
	1166	248
	1166	291
	1166	319
	1166	335
	1166	430
	1166	479
	1166	734
	1167	0
	1167	1
	1167	100
	1167	1047
	1167	1160
	1167	1443
	1167	2942
	1168	0
	1168	1
	1168	105
	1168	143
	1168	189
	1168	226
	1168	254
	1168	435
	1168	472
	1168	631
	1168	805
	1168	891
	1169	0
	1169	1
	1169	11
	1169	1163
	1169	1749
	117	0
	117	1
	117	11
	117	226
	117	269
	117	289
	117	399
	1170	0
	1170	1
	1170	11
	1170	116
	1170	135
	1170	187
	1170	2309
	1171	0
	1171	1
	1171	108
	1171	122
	1171	140
	1171	159
	1171	336
	1172	0
	1172	1
	1172	109
	1172	121
	1172	133
	1172	1516
	1173	0
	1173	1
	1173	11
	1173	157
	1173	226
	1173	236
	1173	249
	1173	336
	1173	352
	1173	636
	1174	0
	1174	1
	1174	12
	1174	122
	1174	136
	1174	1407
	1175	0
	1175	1
	1175	100
	1175	116
	1175	150
	1175	167
	1175	180
	1176	0
	1176	1
	1176	11
	1176	111
	1176	153
	1176	174
	1176	189
	1176	287
	1176	314
	1176	906
	1177	0
	1177	1
	1177	114
	1177	129
	1177	157
	1177	228
	1177	700
	1178	0
	1178	1
	1178	100
	1178	113
	1178	853
	1179	0
	1179	1
	1179	101
	1179	114
	1179	146
	1179	171
	1179	189
	1179	252
	1179	332
	118	0
	118	1
	118	117
	118	172
	118	213
	1180	0
	1180	1
	1180	100
	1180	114
	1180	126
	1180	220
	1180	2261
	1181	0
	1181	1
	1181	105
	1181	116
	1181	137
	1181	155
	1181	171
	1181	199
	1181	2111
	1182	0
	1182	1
	1182	11
	1182	111
	1182	126
	1182	157
	1182	175
	1182	189
	1182	210
	1182	325
	1182	636
	1183	0
	1183	1
	1183	1149
	1183	1597
	1184	0
	1184	1
	1184	102
	1184	119
	1184	147
	1184	157
	1184	171
	1184	184
	1184	194
	1184	302
	1184	475
	1184	593
	1185	0
	1185	1
	1185	105
	1185	130
	1185	143
	1185	244
	1185	549
	1185	653
	1186	0
	1186	1
	1186	100
	1186	110
	1186	1200
	1187	0
	1187	1
	1187	11
	1187	1204
	1188	0
	1188	1
	1188	102
	1188	117
	1188	204
	1188	276
	1188	775
	1189	0
	1189	1
	1189	106
	1189	129
	1189	177
	1189	194
	1189	729
	119	0
	119	1
	119	12
	119	132
	119	158
	119	197
	119	525
	1190	0
	1190	1
	1190	135
	1190	181
	1190	197
	1190	276
	1190	384
	1190	552
	1190	873
	1191	0
	1191	1
	1191	116
	1191	502
	1191	533
	1192	0
	1192	1
	1192	111
	1192	145
	1193	0
	1193	1
	1193	13
	1193	143
	1193	153
	1193	175
	1194	0
	1194	1
	1194	11
	1194	120
	1194	239
	1194	255
	1195	0
	1195	1
	1195	101
	1195	1039
	1196	0
	1196	1
	1196	105
	1196	126
	1196	154
	1196	315
	1196	424
	1196	4770
	1197	0
	1197	1
	1197	106
	1197	124
	1197	144
	1197	156
	1197	219
	1197	285
	1197	297
	1198	0
	1198	1
	1198	123
	1198	274
	1198	377
	1198	554
	1199	0
	1199	1
	1199	100
	1199	122
	1199	1221
	120	0
	120	1
	120	107
	120	158
	120	237
	1200	0
	1200	1
	1200	114
	1200	164
	1200	628
	1201	0
	1201	1
	1201	101
	1201	114
	1201	144
	1201	171
	1201	2144
	1202	0
	1202	1
	1202	106
	1202	119
	1202	134
	1202	164
	1202	205
	1202	863
	1203	0
	1203	1
	1203	13
	1203	152
	1203	163
	1203	180
	1203	585
	1204	0
	1204	1
	1204	100
	1204	122
	1204	1448
	1204	2699
	1205	0
	1205	1
	1205	108
	1205	1199
	1205	1396
	1205	1562
	1205	1581
	1205	1598
	1206	0
	1206	1
	1206	104
	1206	128
	1206	144
	1207	0
	1207	1
	1207	11
	1207	144
	1207	196
	1207	222
	1207	320
	1207	340
	1207	355
	1207	679
	1207	721
	1207	877
	1208	0
	1208	1
	1208	1066
	1208	2059
	1208	2118
	1209	0
	1209	1
	1209	102
	1209	146
	1209	1505
	1209	1603
	121	0
	121	1
	121	100
	121	150
	121	225
	121	278
	121	320
	121	352
	1210	0
	1210	1
	1210	13
	1210	133
	1210	152
	1210	173
	1210	351
	1210	394
	1210	454
	1210	497
	1210	541
	1210	824
	1211	0
	1211	1
	1211	12
	1211	128
	1211	186
	1212	0
	1212	1
	1212	110
	1212	121
	1212	1288
	1212	1394
	1213	0
	1213	1
	1213	102
	1213	1068
	1213	1181
	1214	0
	1214	1
	1214	11
	1214	1369
	1214	1392
	1214	2376
	1215	0
	1215	1
	1215	11
	1215	131
	1215	156
	1215	175
	1215	187
	1215	198
	1215	275
	1215	302
	1215	374
	1215	496
	1216	0
	1216	1
	1216	102
	1216	113
	1216	128
	1216	1395
	1216	1929
	1217	0
	1217	1
	1217	105
	1217	127
	1217	149
	1217	1973
	1218	0
	1218	1
	1218	101
	1218	123
	1218	319
	1219	0
	1219	1
	1219	101
	1219	132
	1219	2234
	122	0
	122	1
	122	11
	122	21
	122	241
	122	345
	122	389
	122	684
	1220	0
	1220	1
	1220	100
	1220	129
	1220	295
	1220	355
	1221	0
	1221	1
	1221	11
	1221	22
	1221	34
	1221	49
	1221	73
	1222	0
	1222	1
	1222	105
	1222	126
	1222	235
	1222	395
	1223	0
	1223	1
	1223	103
	1223	124
	1223	174
	1223	185
	1223	204
	1223	237
	1223	267
	1223	403
	1223	522
	1224	0
	1224	1
	1224	104
	1224	1219
	1224	1774
	1225	0
	1225	1
	1225	11
	1225	114
	1225	141
	1225	1570
	1225	1712
	1226	0
	1226	1
	1226	110
	1226	192
	1226	202
	1226	290
	1226	365
	1226	397
	1226	429
	1226	736
	1226	976
	1227	0
	1227	1
	1227	107
	1227	117
	1227	128
	1227	150
	1227	179
	1227	189
	1227	243
	1227	300
	1227	313
	1227	339
	1227	427
	1228	0
	1228	1
	1228	100
	1228	113
	1228	135
	1228	162
	1228	1843
	1229	0
	1229	1
	1229	104
	1229	114
	1229	125
	1229	137
	1229	156
	1229	169
	1229	179
	1229	213
	1229	235
	1229	468
	123	0
	123	1
	123	12
	123	139
	123	280
	123	326
	123	419
	123	838
	1230	0
	1230	1
	1230	12
	1230	120
	1230	137
	1230	159
	1230	185
	1230	339
	1230	421
	1231	0
	1231	1
	1231	11
	1231	119
	1231	1261
	1231	2295
	1232	0
	1232	1
	1232	102
	1232	1084
	1232	1473
	1232	1626
	1232	1665
	1233	0
	1233	1
	1233	102
	1233	153
	1233	1675
	1233	1743
	1234	0
	1234	1
	1234	113
	1234	1266
	1234	1281
	1234	2014
	1235	0
	1235	1
	1235	1017
	1235	2841
	1236	0
	1236	1
	1236	103
	1236	1037
	1236	1860
	1236	1891
	1236	2000
	1237	0
	1237	1
	1237	104
	1237	114
	1237	126
	1237	1481
	1237	2696
	1238	0
	1238	1
	1238	1065
	1239	0
	1239	1
	1239	1054
	1239	1360
	124	0
	124	10
	124	129
	124	270
	124	307
	124	336
	124	485
	1240	0
	1240	1
	1240	11
	1240	113
	1240	140
	1240	155
	1240	190
	1240	203
	1240	213
	1240	305
	1240	381
	1240	399
	1241	0
	1241	1
	1241	104
	1241	128
	1241	142
	1241	155
	1241	198
	1241	286
	1241	340
	1241	374
	1241	813
	1242	0
	1242	1
	1242	111
	1242	1391
	1243	0
	1243	1
	1243	1028
	1244	0
	1244	1
	1244	110
	1244	1313
	1245	0
	1245	1
	1245	101
	1245	116
	1245	1197
	1245	2186
	1245	4308
	1246	0
	1246	1
	1246	1035
	1247	0
	1247	1
	1247	105
	1247	1347
	1247	2119
	1248	0
	1248	1
	1248	102
	1248	117
	1248	135
	1248	146
	1248	160
	1248	1663
	1249	0
	1249	1
	1249	104
	1249	118
	1249	133
	1249	159
	1249	169
	1249	201
	1249	212
	1249	271
	1249	2753
	125	0
	125	1
	125	11
	125	134
	125	348
	125	380
	125	530
	1250	0
	1250	1
	1250	100
	1250	114
	1250	151
	1250	180
	1250	1985
	1250	2002
	1251	0
	1251	1
	1251	1105
	1251	1209
	1252	0
	1252	1
	1252	100
	1252	116
	1252	134
	1252	161
	1252	172
	1252	233
	1252	275
	1252	300
	1252	3110
	1253	0
	1253	1
	1253	110
	1253	142
	1253	165
	1253	252
	1253	270
	1253	337
	1253	396
	1253	406
	1253	749
	1254	0
	1254	1
	1254	11
	1254	115
	1254	1251
	1254	1841
	1254	2302
	1254	2396
	1254	6377
	1255	0
	1255	1
	1255	104
	1255	116
	1255	128
	1255	1356
	1255	1630
	1255	1678
	1255	1983
	1256	0
	1256	1
	1256	107
	1256	133
	1256	147
	1256	2441
	1257	0
	1257	1
	1257	104
	1257	137
	1257	148
	1257	1513
	1258	0
	1258	1
	1258	105
	1258	1210
	1258	1743
	1259	0
	1259	1
	1259	11
	1259	182
	1259	195
	1259	244
	1259	260
	1259	340
	1259	509
	126	0
	126	1
	126	12
	126	161
	126	329
	126	360
	126	382
	126	528
	126	587
	1260	0
	1260	1
	1260	1007
	1261	0
	1261	1
	1261	105
	1261	1204
	1261	1586
	1261	2530
	1261	3083
	1262	0
	1262	1
	1262	1004
	1262	1160
	1262	2231
	1263	0
	1263	1
	1263	101
	1263	118
	1263	1187
	1263	1500
	1264	0
	1264	1
	1264	1006
	1264	1096
	1265	0
	1265	1
	1265	104
	1265	119
	1265	133
	1265	149
	1265	164
	1265	1887
	1265	4403
	1266	0
	1266	1
	1266	100
	1266	118
	1266	132
	1266	146
	1266	1573
	1266	3896
	1267	0
	1267	1
	1267	100
	1267	111
	1267	1175
	1268	0
	1268	1
	1268	1008
	1268	1130
	1268	1562
	1269	0
	1269	1
	1269	11
	1269	113
	1269	135
	1269	1456
	1269	1890
	127	0
	127	1
	127	11
	127	176
	127	236
	127	2647
	1270	0
	1270	1
	1270	11
	1270	113
	1270	158
	1270	1678
	1271	0
	1271	1
	1271	105
	1271	1078
	1271	1360
	1271	1384
	1271	1418
	1271	1634
	1272	0
	1272	1
	1272	101
	1272	1051
	1272	1131
	1272	1163
	1273	0
	1273	1
	1273	119
	1273	1304
	1274	0
	1274	1
	1274	103
	1274	1139
	1274	1202
	1275	0
	1275	1
	1275	100
	1275	122
	1275	1387
	1275	1900
	1276	0
	1276	1
	1276	101
	1276	127
	1276	1330
	1277	0
	1277	1
	1277	107
	1277	124
	1277	148
	1277	1599
	1278	0
	1278	1
	1278	101
	1278	138
	1278	163
	1278	198
	1278	283
	1278	298
	1278	3869
	1279	0
	1279	1
	1279	102
	1279	121
	1279	180
	1279	1888
	1279	5183
	128	0
	128	1
	128	100
	128	183
	128	198
	128	284
	128	296
	128	372
	1280	0
	1280	1
	1280	108
	1280	120
	1280	392
	1281	0
	1281	1
	1281	105
	1281	124
	1281	138
	1281	149
	1281	1726
	1281	1826
	1282	0
	1282	1
	1282	11
	1282	119
	1282	149
	1282	1974
	1283	0
	1283	1
	1283	108
	1283	124
	1283	169
	1283	202
	1283	231
	1283	277
	1283	296
	1283	340
	1283	564
	1283	693
	1284	0
	1284	1
	1284	103
	1284	117
	1284	131
	1284	152
	1284	210
	1284	236
	1284	250
	1284	271
	1284	331
	1284	429
	1284	4579
	1285	0
	1285	1
	1285	103
	1285	157
	1285	312
	1285	3129
	1286	0
	1286	1
	1286	11
	1286	1199
	1287	0
	1287	1
	1287	11
	1287	110
	1287	1167
	1288	0
	1288	1
	1288	102
	1288	113
	1288	125
	1288	141
	1288	1468
	1289	0
	1289	1
	1289	108
	1289	1213
	1289	1426
	129	0
	129	1
	129	117
	129	177
	129	215
	129	228
	129	241
	129	266
	129	305
	129	320
	129	541
	129	570
	1290	0
	1290	1
	1290	101
	1290	118
	1290	1318
	1290	2337
	1291	0
	1291	1
	1291	102
	1291	112
	1291	129
	1291	161
	1291	178
	1291	226
	1291	241
	1291	358
	1291	602
	1291	678
	1291	930
	1292	0
	1292	1
	1292	101
	1292	1067
	1292	3541
	1293	0
	1293	1
	1293	115
	1293	137
	1293	152
	1293	163
	1293	189
	1293	202
	1293	216
	1293	241
	1294	0
	1294	1
	1294	106
	1294	118
	1294	138
	1294	186
	1294	210
	1294	456
	1295	0
	1295	1
	1295	104
	1295	149
	1295	187
	1295	204
	1295	265
	1295	306
	1296	0
	1296	1
	1296	100
	1296	116
	1296	132
	1296	167
	1296	185
	1296	235
	1296	298
	1296	373
	1296	881
	1297	0
	1297	1
	1297	106
	1297	116
	1297	131
	1297	160
	1297	196
	1297	241
	1298	0
	1298	1
	1298	115
	1298	1197
	1299	0
	1299	1
	1299	100
	1299	113
	1299	125
	1299	135
	1299	146
	1299	168
	1299	203
	1299	229
	1299	259
	1299	273
	1299	299
	1299	324
	1299	381
	130	0
	130	1
	130	105
	130	117
	130	128
	130	200
	130	280
	130	291
	130	345
	130	568
	1300	0
	1300	1
	1300	101
	1300	118
	1300	171
	1300	186
	1300	1871
	1301	0
	1301	1
	1301	11
	1301	113
	1301	123
	1301	172
	1301	184
	1301	197
	1301	229
	1301	241
	1301	259
	1301	410
	1301	585
	1301	7623
	1302	0
	1302	1
	1302	100
	1302	112
	1302	122
	1302	148
	1302	159
	1302	196
	1302	231
	1302	269
	1302	313
	1302	325
	1302	426
	1302	498
	1302	754
	1303	0
	1303	1
	1303	101
	1303	122
	1303	133
	1303	143
	1303	161
	1303	1751
	1303	5024
	1304	0
	1304	1
	1304	11
	1304	116
	1304	1190
	1304	1562
	1304	1720
	1304	1749
	1304	1973
	1304	2383
	1304	2620
	1305	0
	1305	1
	1305	102
	1305	113
	1305	1220
	1305	1487
	1305	1597
	1305	1681
	1305	3113
	1306	0
	1306	1
	1306	11
	1306	118
	1306	1298
	1306	1366
	1306	2095
	1306	2110
	1307	0
	1307	1
	1307	102
	1307	1126
	1307	1318
	1307	2837
	1308	0
	1308	1
	1308	104
	1308	126
	1308	149
	1308	173
	1308	1927
	1308	2524
	1309	0
	1309	1
	1309	104
	1309	1074
	1309	2156
	1309	4737
	131	0
	131	1
	131	1027
	1310	0
	1310	1
	1310	105
	1310	1186
	1310	1259
	1310	1327
	1310	1758
	1310	2188
	1310	2237
	1311	0
	1311	1
	1311	1055
	1311	1337
	1311	1587
	1311	2458
	1311	2516
	1311	2585
	1311	7340
	1312	0
	1312	1
	1312	100
	1312	1140
	1312	1547
	1312	1995
	1312	2656
	1312	8767
	1313	0
	1313	1
	1313	100
	1313	115
	1313	131
	1313	144
	1313	156
	1313	1572
	1313	1590
	1313	3489
	1313	4036
	1314	0
	1314	1
	1314	107
	1314	125
	1314	154
	1314	175
	1314	194
	1314	281
	1314	4185
	1314	4224
	1315	0
	1315	1
	1315	103
	1315	118
	1315	1489
	1316	0
	1316	1
	1316	102
	1316	117
	1316	129
	1316	1369
	1316	1424
	1316	2175
	1316	4226
	1317	0
	1317	1
	1317	114
	1317	139
	1317	160
	1317	174
	1317	192
	1317	212
	1317	2362
	1317	2427
	1317	2580
	1318	0
	1318	1
	1318	1001
	1318	1042
	1318	1264
	1318	1301
	1318	1369
	1318	1497
	1318	1605
	1318	1724
	1318	1735
	1318	1761
	1318	1774
	1318	1795
	1318	2882
	1318	3014
	1318	3634
	1319	0
	1319	1
	1319	101
	1319	111
	1319	123
	1319	153
	1319	1657
	1319	2121
	1319	2392
	132	0
	132	1
	132	11
	132	120
	132	162
	132	183
	132	208
	132	248
	132	274
	132	525
	1320	0
	1320	1
	1320	101
	1320	1048
	1320	1725
	1321	0
	1321	1
	1321	102
	1321	1037
	1321	1086
	1321	1230
	1321	1815
	1322	0
	1322	1
	1322	100
	1322	110
	1322	129
	1322	153
	1322	170
	1322	1711
	1322	2010
	1323	0
	1323	1
	1323	100
	1323	1162
	1323	1211
	1323	1592
	1323	1835
	1323	2747
	1323	3235
	1324	0
	1324	1
	1324	1069
	1324	1117
	1324	2270
	1325	0
	1325	1
	1325	100
	1325	177
	1325	205
	1325	269
	1325	296
	1325	341
	1325	361
	1325	385
	1325	415
	1325	623
	1325	702
	1325	735
	1325	859
	1326	0
	1326	1
	1326	100
	1326	1075
	1326	1544
	1326	1665
	1327	0
	1327	1
	1327	102
	1327	1134
	1327	1244
	1327	1270
	1327	1392
	1327	1609
	1327	1738
	1328	0
	1328	1
	1328	1017
	1328	1096
	1328	1163
	1328	1464
	1328	1563
	1328	1688
	1329	0
	1329	1
	1329	102
	1329	1113
	1329	2212
	1329	2687
	1329	3214
	1329	3512
	1329	3696
	133	0
	133	1
	133	11
	133	184
	133	209
	133	252
	133	275
	133	321
	133	363
	1330	0
	1330	1
	1330	100
	1330	134
	1330	147
	1330	170
	1330	183
	1330	198
	1330	2067
	1331	0
	1331	1
	1331	101
	1331	120
	1331	133
	1331	1370
	1331	3805
	1331	4462
	1332	0
	1332	1
	1332	100
	1332	115
	1332	125
	1332	1398
	1332	1436
	1332	1583
	1332	2851
	1332	3241
	1333	0
	1333	1
	1333	101
	1333	1057
	1333	1939
	1333	2211
	1333	2325
	1333	2520
	1333	2531
	1333	4083
	1334	0
	1334	1
	1334	103
	1334	127
	1334	137
	1334	149
	1334	1499
	1334	1511
	1334	1529
	1334	3534
	1335	0
	1335	1
	1335	101
	1335	1098
	1335	1153
	1335	1377
	1335	1450
	1336	0
	1336	1
	1336	100
	1336	1037
	1336	1237
	1336	1345
	1336	1509
	1336	1588
	1337	0
	1337	1
	1337	100
	1337	1094
	1337	1227
	1337	1291
	1337	1375
	1338	0
	1338	1
	1338	100
	1338	110
	1338	1105
	1338	1263
	1338	1482
	1338	1528
	1339	0
	1339	1
	1339	104
	1339	115
	1339	1229
	1339	1340
	1339	1599
	1339	1751
	1339	1835
	1339	1873
	1339	1976
	1339	2213
	134	0
	134	1
	134	11
	134	226
	134	300
	1340	0
	1340	1
	1340	100
	1340	122
	1340	135
	1340	1372
	1341	0
	1341	1
	1341	105
	1341	1052
	1341	1104
	1341	1963
	1342	0
	1342	1
	1342	100
	1342	110
	1342	123
	1342	133
	1342	1342
	1342	1992
	1343	0
	1343	1
	1343	104
	1343	1045
	1343	1109
	1343	1367
	1343	1522
	1343	1794
	1343	1917
	1343	1930
	1343	2019
	1343	2038
	1343	2071
	1343	2081
	1343	2840
	1343	2923
	1344	0
	1344	1
	1344	1013
	1344	1039
	1344	1223
	1344	1246
	1344	1278
	1344	1316
	1344	1401
	1344	1451
	1344	1475
	1344	1528
	1344	1688
	1344	1777
	1344	2206
	1344	2768
	1344	4497
	1345	0
	1345	1
	1345	101
	1345	111
	1345	121
	1345	140
	1345	150
	1345	165
	1345	175
	1345	194
	1345	1998
	1345	2550
	1345	4813
	1346	0
	1346	1
	1346	100
	1346	1011
	1346	1066
	1346	1119
	1346	1192
	1346	1747
	1347	0
	1347	1
	1347	108
	1347	1182
	1347	1207
	1347	1470
	1348	0
	1348	1
	1348	114
	1348	127
	1348	1287
	1348	1302
	1348	1460
	1349	0
	1349	1
	1349	1007
	1349	1057
	1349	1226
	1349	1279
	1349	1345
	1349	2707
	135	0
	135	1
	135	11
	135	146
	135	170
	135	196
	135	209
	135	330
	135	851
	1350	0
	1350	1
	1350	1088
	1350	1342
	1350	1622
	1350	1968
	1350	2002
	1350	2065
	1350	2950
	1350	3017
	1351	0
	1351	1
	1351	11
	1351	113
	1351	1249
	1352	0
	1352	1
	1352	105
	1352	122
	1352	1365
	1352	1413
	1352	1478
	1352	1673
	1352	1683
	1353	0
	1353	1
	1353	102
	1353	126
	1353	151
	1353	1554
	1353	1745
	1353	1768
	1353	2901
	1354	0
	1354	1
	1354	100
	1354	111
	1354	1206
	1354	1252
	1354	1274
	1354	1546
	1355	0
	1355	1
	1355	1033
	1355	1051
	1355	1075
	1355	1090
	1355	1134
	1355	1196
	1355	1218
	1355	1604
	1356	0
	1356	1
	1356	106
	1356	119
	1356	1330
	1356	1557
	1357	0
	1357	1
	1357	101
	1357	111
	1357	1153
	1357	2139
	1358	0
	1358	1
	1358	100
	1358	115
	1358	1201
	1358	1322
	1358	1389
	1358	1596
	1358	1782
	1359	0
	1359	1
	1359	1021
	1359	1037
	1359	1842
	136	0
	136	1
	136	11
	136	116
	136	160
	136	208
	136	227
	136	239
	136	289
	1360	0
	1360	1
	1360	101
	1360	1033
	1360	1197
	1360	1370
	1360	1383
	1361	0
	1361	1
	1361	101
	1361	1012
	1361	1033
	1361	1066
	1361	1531
	1362	0
	1362	1
	1362	100
	1362	1034
	1362	1468
	1362	1524
	1362	1597
	1362	2508
	1362	2569
	1362	2591
	1363	0
	1363	1
	1363	101
	1363	113
	1363	132
	1363	144
	1363	172
	1363	1722
	1364	0
	1364	1
	1364	107
	1364	1271
	1364	1519
	1364	3661
	1364	4475
	1364	4866
	1364	5052
	1365	0
	1365	1
	1365	11
	1365	124
	1365	143
	1365	153
	1365	172
	1365	196
	1365	208
	1365	220
	1365	2944
	1366	0
	1366	1
	1366	11
	1366	137
	1366	147
	1366	164
	1366	214
	1366	243
	1366	2501
	1367	0
	1367	1
	1367	102
	1367	1104
	1367	1676
	1368	0
	1368	1
	1368	101
	1368	120
	1368	133
	1368	150
	1368	163
	1368	189
	1368	1946
	1368	2521
	1368	4595
	1369	0
	1369	1
	1369	100
	1369	112
	1369	131
	1369	142
	1369	187
	1369	245
	1369	264
	1369	275
	1369	296
	1369	332
	1369	351
	1369	403
	1369	617
	1369	694
	1369	745
	1369	832
	137	0
	137	1
	137	138
	137	221
	137	291
	137	302
	137	346
	137	868
	1370	0
	1370	1
	1370	103
	1370	114
	1370	1210
	1370	1284
	1370	1347
	1370	4373
	1371	0
	1371	1
	1371	11
	1371	123
	1371	134
	1371	1378
	1371	1484
	1371	1611
	1371	4474
	1372	0
	1372	1
	1372	102
	1372	112
	1372	137
	1372	161
	1372	175
	1372	185
	1372	196
	1372	217
	1372	233
	1372	433
	1372	729
	1373	0
	1373	1
	1373	100
	1373	1104
	1373	1439
	1373	2734
	1373	2779
	1374	0
	1374	1
	1374	100
	1374	1063
	1374	1389
	1374	1622
	1374	2374
	1374	2567
	1375	0
	1375	1
	1375	103
	1375	1049
	1375	1681
	1375	1766
	1375	3979
	1375	4208
	1376	0
	1376	1
	1376	100
	1376	112
	1376	127
	1376	137
	1376	147
	1376	161
	1376	172
	1376	187
	1376	215
	1376	241
	1376	266
	1376	291
	1376	301
	1376	313
	1376	323
	1376	350
	1376	483
	1376	569
	1376	745
	1376	980
	1377	0
	1377	1
	1377	11
	1377	120
	1377	130
	1377	1303
	1377	1624
	1377	1762
	1377	3464
	1377	3495
	1378	0
	1378	1
	1378	108
	1378	1141
	1378	1246
	1378	1808
	1379	0
	1379	1
	1379	100
	1379	110
	1379	138
	1379	151
	1379	163
	1379	1681
	138	0
	138	1
	138	13
	138	159
	138	183
	138	202
	138	217
	138	424
	1380	0
	1380	1
	1380	104
	1380	120
	1380	1235
	1380	1884
	1380	1990
	1381	0
	1381	1
	1381	100
	1381	111
	1381	1155
	1381	1175
	1381	1216
	1381	1230
	1381	1284
	1382	0
	1382	1
	1382	100
	1382	110
	1382	120
	1382	153
	1382	175
	1382	202
	1382	256
	1382	2909
	1382	3696
	1383	0
	1383	1
	1383	1028
	1384	0
	1384	1
	1384	102
	1384	1233
	1384	1360
	1384	2095
	1384	2947
	1385	0
	1385	1
	1385	108
	1385	1170
	1385	1183
	1386	0
	1386	1
	1386	1004
	1386	1450
	1386	1545
	1386	2001
	1386	2101
	1386	2384
	1386	2501
	1386	2627
	1387	0
	1387	1
	1387	104
	1387	1058
	1387	1079
	1387	1167
	1387	1215
	1387	1707
	1387	3034
	1387	3051
	1388	0
	1388	1
	1388	1028
	1388	1042
	1388	1206
	1388	1606
	1388	1669
	1388	3411
	1389	0
	1389	1
	1389	103
	1389	1033
	1389	1563
	1389	3218
	139	0
	139	1
	139	1079
	1390	0
	1390	1
	1390	100
	1390	114
	1390	1155
	1390	1201
	1390	1476
	1390	1571
	1390	1977
	1391	0
	1391	1
	1391	1027
	1392	0
	1392	1
	1392	11
	1392	111
	1392	1217
	1392	1557
	1393	0
	1393	1
	1393	100
	1393	1147
	1393	1249
	1393	1282
	1393	1372
	1393	1422
	1393	1651
	1393	1789
	1393	5362
	1394	0
	1394	1
	1394	105
	1394	115
	1394	146
	1394	177
	1394	200
	1394	218
	1394	248
	1394	271
	1394	304
	1394	336
	1394	421
	1394	454
	1394	532
	1394	632
	1394	648
	1394	724
	1394	746
	1395	0
	1395	1
	1395	11
	1395	115
	1395	1176
	1395	2469
	1396	0
	1396	1
	1396	100
	1396	113
	1396	123
	1396	138
	1396	148
	1396	162
	1396	2272
	1397	0
	1397	1
	1397	101
	1397	147
	1397	158
	1397	197
	1397	223
	1397	245
	1397	263
	1397	310
	1397	337
	1397	415
	1397	456
	1397	596
	1397	760
	1397	977
	1398	0
	1398	1
	1398	100
	1398	1066
	1398	1556
	1398	1659
	1399	0
	1399	1
	1399	100
	1399	110
	1399	123
	1399	136
	1399	159
	1399	178
	1399	1866
	1399	2735
	140	0
	140	1
	140	14
	140	212
	140	224
	140	282
	1400	0
	1400	1
	1400	1027
	1400	1349
	1400	2699
	1401	0
	1401	1
	1401	101
	1401	111
	1401	131
	1401	1402
	1401	2252
	1402	0
	1402	1
	1402	100
	1402	112
	1402	124
	1402	135
	1402	145
	1402	199
	1402	209
	1402	259
	1402	301
	1402	328
	1402	352
	1402	428
	1402	439
	1402	644
	1402	764
	1403	0
	1403	1
	1403	100
	1403	111
	1403	128
	1403	143
	1403	1698
	1404	0
	1404	1
	1404	103
	1404	133
	1404	1334
	1404	1596
	1404	1711
	1405	0
	1405	1
	1405	11
	1405	115
	1405	1169
	1405	6054
	1406	0
	1406	1
	1406	100
	1406	110
	1406	121
	1406	139
	1406	159
	1406	184
	1406	217
	1406	242
	1406	270
	1406	291
	1406	357
	1406	375
	1406	426
	1406	454
	1406	504
	1406	564
	1406	577
	1407	0
	1407	1
	1407	100
	1407	1096
	1407	1289
	1408	0
	1408	1
	1408	107
	1408	119
	1408	150
	1408	194
	1408	2287
	1409	0
	1409	1
	1409	1052
	1409	1249
	1409	4843
	141	0
	141	1
	141	11
	141	188
	1410	0
	1410	1
	1410	100
	1410	111
	1410	141
	1410	161
	1410	205
	1410	245
	1410	344
	1410	403
	1410	424
	1410	579
	1410	702
	1410	818
	1410	832
	1410	859
	1410	881
	1410	985
	1411	0
	1411	1
	1411	104
	1411	115
	1411	125
	1411	135
	1411	155
	1411	169
	1411	280
	1411	300
	1411	570
	1411	771
	1412	0
	1412	1
	1412	100
	1412	118
	1412	142
	1412	160
	1412	1672
	1412	3322
	1412	3497
	1413	0
	1413	1
	1413	101
	1413	131
	1413	1482
	1413	1528
	1414	0
	1414	1
	1414	102
	1414	120
	1414	1346
	1415	0
	1415	1
	1415	100
	1415	110
	1415	127
	1415	1369
	1415	1804
	1416	0
	1416	1
	1416	101
	1416	148
	1416	170
	1416	191
	1416	223
	1416	243
	1416	355
	1416	371
	1416	437
	1416	478
	1416	549
	1416	676
	1416	771
	1416	805
	1416	823
	1417	0
	1417	1
	1417	100
	1417	1044
	1417	1242
	1417	1259
	1418	0
	1418	1
	1418	11
	1418	111
	1418	130
	1418	153
	1418	167
	1418	182
	1418	199
	1418	219
	1418	229
	1418	240
	1418	318
	1418	377
	1418	395
	1418	421
	1418	512
	1418	536
	1418	600
	1419	0
	1419	1
	1419	1040
	1419	1927
	1419	2036
	1419	2598
	1419	2922
	142	0
	142	1
	142	107
	142	152
	142	185
	142	243
	1420	0
	1420	1
	1420	106
	1420	1065
	1420	1212
	1420	1278
	1420	1326
	1420	1943
	1420	2054
	1420	2309
	1421	0
	1421	1
	1421	11
	1421	112
	1421	1213
	1421	1634
	1422	0
	1422	1
	1422	101
	1422	114
	1422	125
	1422	142
	1422	1646
	1423	0
	1423	1
	1423	100
	1423	113
	1423	1199
	1423	1212
	1423	1670
	1423	2153
	1424	0
	1424	1
	1424	100
	1424	115
	1424	1308
	1424	2290
	1425	0
	1425	1
	1425	100
	1425	111
	1425	137
	1425	156
	1425	174
	1425	212
	1425	236
	1425	282
	1425	305
	1425	432
	1425	578
	1425	850
	1426	0
	1426	1
	1426	101
	1426	112
	1426	126
	1426	1355
	1426	2983
	1426	3158
	1427	0
	1427	1
	1427	1033
	1427	1147
	1427	1176
	1427	1603
	1428	0
	1428	1
	1428	108
	1428	126
	1428	137
	1428	161
	1428	191
	1428	219
	1428	2226
	1429	0
	1429	1
	1429	107
	1429	118
	1429	132
	1429	145
	1429	170
	1429	2029
	1429	3550
	143	0
	143	1
	143	100
	143	149
	143	186
	143	563
	1430	0
	1430	1
	1430	109
	1430	122
	1430	132
	1430	143
	1430	156
	1430	1586
	1430	1935
	1430	2375
	1430	2501
	1430	3306
	1431	0
	1431	1
	1431	102
	1431	121
	1431	1227
	1431	1403
	1431	1578
	1432	0
	1432	1
	1432	100
	1432	133
	1432	1453
	1432	1674
	1432	1767
	1432	1987
	1433	0
	1433	1
	1433	1028
	1433	1343
	1433	1464
	1433	1760
	1434	0
	1434	1
	1434	1001
	1434	1307
	1434	1610
	1434	4961
	1435	0
	1435	1
	1435	101
	1435	115
	1435	130
	1435	166
	1435	179
	1435	233
	1435	2430
	1436	0
	1436	1
	1436	106
	1436	135
	1436	149
	1436	206
	1436	221
	1436	231
	1436	274
	1436	311
	1436	343
	1436	492
	1436	602
	1436	665
	1436	724
	1436	761
	1436	785
	1436	838
	1437	0
	1437	1
	1437	100
	1437	1000
	1437	1101
	1437	1129
	1437	1474
	1438	0
	1438	1
	1438	102
	1438	1139
	1438	1204
	1438	1356
	1438	1420
	1438	1456
	1438	1825
	1439	0
	1439	1
	1439	106
	1439	144
	1439	175
	1439	192
	1439	256
	1439	303
	1439	400
	1439	444
	1439	472
	1439	691
	1439	760
	1439	897
	144	0
	144	1
	144	108
	144	147
	144	314
	144	384
	145	0
	145	1
	145	110
	145	122
	145	133
	145	2147
	146	0
	146	1
	146	106
	146	154
	146	197
	147	0
	147	1
	147	117
	147	153
	147	163
	147	1660
	148	0
	148	1
	148	107
	148	124
	148	173
	148	1825
	148	2034
	148	2135
	149	0
	149	1
	149	1248
	149	1302
	149	2266
	149	2277
	150	0
	150	1
	150	1085
	150	1233
	150	1779
	151	0
	151	1
	151	12
	151	1230
	151	1278
	152	0
	152	1
	152	1003
	152	1357
	153	0
	153	1
	153	12
	153	130
	154	0
	154	1
	154	211
	155	0
	155	1
	155	110
	155	451
	156	0
	156	1
	156	11
	156	138
	156	191
	156	201
	157	0
	157	1
	157	119
	157	772
	158	0
	158	1
	158	111
	158	142
	158	158
	159	0
	159	1
	159	11
	159	190
	160	0
	160	1
	160	17
	160	47
	160	64
	161	0
	161	1
	161	1065
	161	1088
	162	0
	162	1
	162	11
	162	128
	162	177
	162	233
	163	0
	163	1
	163	14
	163	143
	163	313
	163	386
	164	0
	164	1
	164	102
	164	127
	165	0
	165	1
	165	143
	165	186
	166	0
	166	1
	166	234
	166	255
	166	293
	167	0
	167	1
	167	1245
	168	0
	168	1
	168	12
	168	162
	168	250
	168	303
	168	324
	168	366
	168	507
	169	0
	169	1
	169	109
	169	131
	169	157
	169	185
	170	0
	170	1
	170	110
	170	159
	170	230
	171	0
	171	1
	171	11
	171	145
	171	163
	171	196
	171	220
	171	788
	172	0
	172	1
	172	17
	172	176
	172	213
	172	237
	172	250
	173	0
	173	1
	173	126
	173	151
	174	0
	174	1
	174	119
	174	197
	174	251
	175	0
	175	1
	175	108
	175	363
	176	0
	176	1
	176	100
	176	116
	176	151
	176	178
	177	0
	177	1
	177	13
	177	1366
	178	0
	178	1
	178	111
	178	130
	178	174
	178	221
	178	579
	178	971
	179	0
	179	1
	179	11
	179	127
	179	735
	180	0
	180	1
	180	11
	180	148
	180	163
	180	305
	180	339
	180	866
	181	0
	181	1
	181	108
	181	166
	181	226
	181	237
	182	0
	182	1
	182	150
	182	172
	182	227
	183	0
	183	1
	183	165
	183	187
	183	207
	183	471
	184	0
	184	1
	184	113
	184	168
	184	187
	184	274
	185	0
	185	1
	185	171
	185	187
	185	197
	185	208
	186	0
	186	1
	186	11
	186	128
	186	182
	186	197
	186	240
	187	0
	187	1
	187	151
	187	163
	187	187
	188	0
	188	1
	188	11
	188	179
	188	194
	188	211
	188	233
	189	0
	189	1
	189	111
	189	125
	189	175
	189	201
	189	237
	189	257
	189	323
	190	0
	190	1
	190	150
	190	192
	190	205
	191	0
	191	1
	191	170
	192	0
	192	1
	192	20
	192	31
	192	44
	193	0
	193	1
	193	111
	194	0
	194	1
	194	32
	195	0
	195	1
	195	18
	195	38
	196	0
	196	1
	196	30
	196	52
	197	0
	197	1
	197	115
	198	0
	198	1
	198	101
	198	134
	199	0
	199	1
	199	25
	199	265
	200	0
	200	1
	200	106
	200	204
	201	0
	201	1
	201	106
	201	135
	202	0
	202	1
	202	105
	202	170
	202	185
	202	229
	202	595
	203	0
	203	1
	203	110
	203	120
	203	183
	203	235
	203	265
	203	505
	204	0
	204	1
	204	138
	204	172
	204	195
	204	210
	204	263
	205	0
	205	1
	205	162
	205	243
	206	0
	206	1
	206	119
	206	342
	206	442
	207	0
	207	1
	207	32
	207	46
	207	82
	208	0
	208	1
	208	25
	208	316
	209	0
	209	1
	209	111
	209	313
	210	0
	210	1
	210	57
	210	73
	210	92
	211	0
	211	1
	211	14
	211	52
	212	0
	212	1
	212	126
	213	0
	213	1
	213	112
	213	177
	214	0
	214	1
	214	116
	214	201
	214	268
	214	389
	215	0
	215	1
	215	297
	215	307
	215	357
	216	0
	216	1
	216	15
	216	324
	216	342
	217	0
	217	1
	217	11
	217	27
	217	301
	217	340
	218	0
	218	1
	218	251
	218	295
	219	0
	219	1
	219	181
	219	206
	219	244
	220	0
	220	1
	220	241
	220	277
	221	0
	221	1
	221	155
	221	184
	222	0
	222	1
	222	11
	222	225
	222	317
	222	347
	223	0
	223	1
	223	13
	223	283
	223	298
	223	327
	224	0
	224	1
	224	191
	224	221
	224	236
	224	289
	225	0
	225	1
	225	1068
	225	1728
	225	2278
	226	0
	226	1
	226	171
	226	223
	226	2400
	226	2419
	227	0
	227	1
	227	223
	227	277
	227	3007
	228	0
	228	1
	228	109
	229	0
	229	1
	229	124
	229	152
	230	0
	230	1
	230	102
	231	0
	231	1
	231	12
	231	46
	231	94
	232	0
	232	1
	232	85
	233	0
	233	1
	233	103
	233	114
	233	161
	234	0
	234	1
	234	126
	234	138
	234	321
	234	367
	234	429
	234	500
	235	0
	235	1
	235	128
	235	326
	235	336
	236	0
	236	1
	236	35
	236	45
	237	0
	237	1
	237	116
	237	149
	237	160
	238	0
	238	1
	238	101
	238	171
	238	248
	239	0
	239	1
	239	112
	239	162
	239	196
	240	0
	240	1
	240	147
	240	184
	240	195
	240	216
	241	0
	241	1
	241	17
	241	40
	242	0
	242	1
	242	13
	243	0
	243	1
	243	64
	244	0
	244	1
	244	11
	245	0
	245	1
	245	176
	245	335
	246	0
	246	1
	246	16
	246	26
	246	41
	246	52
	246	91
	247	0
	247	1
	247	12
	247	29
	247	39
	248	0
	248	1
	248	19
	248	38
	248	51
	248	65
	248	7871
	249	0
	249	1
	249	382
	249	627
	250	0
	250	1
	250	27
	250	3803
	250	3960
	250	3990
	251	0
	251	1
	251	2480
	251	2614
	252	0
	252	1
	252	11
	252	1281
	252	1325
	252	3087
	252	3215
	252	3234
	253	0
	253	1
	253	135
	254	0
	254	1
	254	12
	254	191
	254	576
	255	0
	255	1
	255	151
	255	3292
	256	0
	256	1
	256	17
	256	33
	256	592
	257	0
	257	1
	257	11
	257	117
	257	140
	257	155
	258	0
	258	1
	258	11
	258	110
	258	272
	259	0
	259	1
	259	222
	259	2224
	260	0
	260	1
	260	11
	260	22
	260	34
	260	61
	261	0
	261	1
	261	23
	261	51
	262	0
	262	1
	262	101
	262	3092
	263	0
	263	1
	263	18
	263	212
	264	0
	264	1
	264	143
	265	0
	265	1
	265	114
	265	211
	266	0
	266	1
	266	101
	267	0
	267	1
	267	146
	268	0
	268	1
	268	1440
	268	1705
	269	0
	269	1
	269	109
	269	175
	270	0
	270	1
	270	100
	270	1465
	270	2335
	271	0
	271	1
	271	103
	271	1359
	271	1496
	271	1793
	272	0
	272	1
	272	108
	272	2098
	273	0
	273	1
	273	107
	273	126
	273	144
	273	248
	273	264
	274	0
	274	1
	274	104
	274	116
	274	229
	274	514
	275	0
	275	1
	275	100
	275	111
	275	141
	275	202
	275	324
	275	336
	276	0
	276	1
	276	107
	276	160
	277	0
	277	1
	277	106
	277	146
	277	190
	278	0
	278	1
	278	144
	278	178
	278	192
	279	0
	279	1
	279	12
	279	122
	279	169
	279	303
	280	0
	280	1
	280	28
	280	41
	280	79
	281	0
	281	1
	281	210
	282	0
	282	1
	282	11
	282	260
	283	0
	283	1
	283	14
	283	201
	284	0
	284	1
	284	118
	285	0
	285	1
	285	19
	285	33
	286	0
	286	1
	286	54
	287	0
	287	1
	287	311
	288	0
	288	1
	289	0
	289	1
	289	13
	289	41
	290	0
	290	1
	290	28
	291	0
	291	1
	291	184
	292	0
	292	1
	292	15
	292	48
	293	0
	293	1
	293	20
	294	0
	294	1
	294	101
	295	0
	295	1
	295	11
	295	26
	296	0
	296	1
	296	16
	297	0
	297	1
	297	15
	298	0
	298	1
	298	13
	298	32
	299	0
	299	1
	299	120
	300	0
	300	1
	300	180
	300	239
	301	0
	301	1
	301	103
	301	148
	301	180
	302	0
	302	1
	302	20
	302	291
	303	0
	303	1
	303	16
	303	46
	303	61
	304	0
	304	1
	304	101
	304	118
	305	0
	305	1
	305	127
	306	0
	306	1
	306	11
	306	25
	306	41
	306	99
	307	0
	307	1
	307	11
	307	126
	307	264
	308	0
	308	1
	308	17
	308	304
	309	0
	309	1
	309	123
	309	139
	309	268
	310	0
	310	1
	310	13
	310	28
	310	39
	310	60
	310	76
	310	86
	311	0
	311	1
	311	24
	311	49
	311	93
	312	0
	312	1
	312	19
	313	0
	313	1
	313	23
	314	0
	314	1
	314	13
	315	0
	315	1
	315	13
	315	26
	316	0
	316	1
	316	12
	317	0
	317	1
	317	16
	318	0
	318	1
	319	0
	319	1
	320	0
	320	1
	321	0
	321	1
	322	0
	322	1
	322	15
	322	34
	322	62
	323	0
	323	1
	323	157
	323	273
	323	303
	323	413
	324	0
	324	1
	324	12
	324	25
	325	0
	325	1
	325	19
	325	292
	325	373
	325	439
	326	0
	326	1
	326	127
	326	428
	326	515
	327	0
	327	1
	327	16
	327	26
	327	94
	328	0
	328	1
	328	17
	328	31
	329	0
	329	1
	329	103
	329	155
	330	0
	330	1
	330	13
	330	142
	330	168
	331	0
	331	1
	331	148
	332	0
	332	1
	332	12
	332	128
	332	144
	333	0
	333	1
	333	12
	333	144
	334	0
	334	1
	334	11
	334	62
	334	82
	335	0
	335	1
	335	17
	335	28
	335	46
	336	0
	336	1
	336	16
	336	27
	337	0
	337	1
	337	11
	337	61
	337	73
	338	0
	338	1
	338	36
	338	79
	338	90
	339	0
	339	1
	339	18
	340	0
	340	1
	340	23
	340	96
	341	0
	341	1
	341	12
	341	189
	341	468
	342	0
	342	1
	342	11
	342	71
	343	0
	343	1
	343	24
	343	47
	344	0
	344	1
	344	12
	345	0
	345	1
	345	21
	346	0
	346	1
	346	12
	346	22
	347	0
	347	1
	347	19
	347	36
	348	0
	348	1
	348	25
	348	736
	349	0
	349	1
	349	173
	349	621
	350	0
	350	1
	350	12
	351	0
	351	1
	351	12
	351	410
	352	0
	352	1
	352	28
	352	65
	353	0
	353	1
	353	325
	354	0
	354	1
	354	16
	355	0
	355	1
	355	13
	356	0
	356	1
	356	30
	356	49
	357	0
	357	1
	357	14
	357	31
	357	44
	357	98
	358	0
	358	1
	358	121
	359	0
	359	1
	359	15
	359	1603
	360	0
	360	1
	360	12
	360	22
	360	42
	360	52
	360	70
	361	0
	361	1
	361	11
	361	27
	361	45
	362	0
	362	1
	362	12
	362	30
	362	54
	362	711
	363	0
	363	1
	363	11
	363	27
	363	62
	363	93
	364	0
	364	1
	364	13
	364	39
	364	54
	364	97
	365	0
	365	1
	365	11
	365	21
	365	311
	366	0
	366	1
	366	164
	366	182
	367	0
	367	1
	367	15
	367	37
	368	0
	368	1
	368	20
	368	37
	369	0
	369	1
	369	18
	369	50
	370	0
	370	1
	370	11
	370	30
	370	52
	370	75
	371	0
	371	1
	371	110
	372	0
	372	1
	372	11
	372	146
	372	223
	373	0
	373	1
	373	16
	373	243
	373	451
	374	0
	374	1
	374	14
	374	207
	374	236
	374	296
	375	0
	375	1
	375	117
	375	142
	376	0
	376	1
	376	11
	376	22
	376	318
	377	0
	377	1
	377	15
	377	1617
	378	0
	378	1
	378	14
	378	165
	378	429
	379	0
	379	1
	379	165
	379	242
	379	2514
	380	0
	380	1
	380	12
	380	28
	380	49
	380	640
	381	0
	381	1
	381	114
	382	0
	382	1
	382	1226
	382	1540
	383	0
	383	1
	383	103
	383	1265
	383	1475
	384	0
	384	1
	384	108
	384	1485
	385	0
	385	1
	385	124
	385	460
	386	0
	386	1
	386	1055
	387	0
	387	1
	387	123
	387	201
	387	558
	388	0
	388	1
	388	123
	388	152
	388	256
	389	0
	389	1
	389	1077
	390	0
	390	1
	390	11
	390	237
	391	0
	391	1
	391	14
	391	34
	391	44
	391	58
	391	762
	392	0
	392	1
	392	15
	392	1737
	393	0
	393	1
	393	11
	393	252
	393	298
	394	0
	394	1
	394	101
	394	201
	394	746
	394	887
	395	0
	395	1
	395	11
	395	113
	395	1176
	395	1301
	395	2342
	396	0
	396	1
	396	121
	396	178
	396	235
	396	2459
	397	0
	397	1
	397	11
	397	118
	397	186
	397	216
	397	233
	397	255
	398	0
	398	1
	398	11
	398	21
	398	31
	398	4151
	399	0
	399	1
	399	121
	399	140
	399	185
	399	213
	399	256
	400	0
	400	1
	400	11
	400	110
	400	136
	400	187
	400	414
	400	547
	400	610
	401	0
	401	1
	401	138
	401	180
	401	190
	401	209
	401	3078
	402	0
	402	1
	402	106
	402	138
	402	154
	402	175
	402	1935
	403	0
	403	1
	403	108
	403	145
	403	285
	403	345
	403	5509
	404	0
	404	1
	404	100
	404	125
	404	135
	404	182
	404	230
	404	823
	404	856
	405	0
	405	1
	405	101
	405	126
	405	147
	405	214
	405	254
	405	338
	405	709
	406	0
	406	1
	406	101
	406	138
	406	153
	406	169
	406	181
	406	225
	406	261
	407	0
	407	1
	407	115
	407	1176
	407	2116
	408	0
	408	1
	408	1005
	409	0
	409	1
	409	12
	409	121
	409	148
	409	189
	409	202
	409	272
	409	401
	409	481
	410	0
	410	1
	410	100
	410	123
	410	134
	410	160
	410	170
	410	212
	410	230
	410	267
	410	3047
	411	0
	411	1
	411	11
	411	1184
	411	2101
	412	0
	412	1
	412	101
	412	137
	412	165
	412	179
	412	437
	412	904
	413	0
	413	1
	413	100
	413	113
	413	127
	413	150
	413	1640
	414	0
	414	1
	414	106
	414	137
	414	154
	414	198
	414	256
	414	338
	414	685
	415	0
	415	1
	415	100
	415	1166
	415	1336
	415	1671
	416	0
	416	1
	416	11
	416	128
	416	185
	416	195
	416	205
	416	216
	417	0
	417	1
	417	102
	417	118
	417	184
	417	201
	417	225
	417	265
	417	286
	417	358
	417	641
	417	653
	417	688
	417	868
	418	0
	418	1
	418	100
	418	1087
	418	1707
	418	1746
	418	2726
	418	2740
	418	2909
	419	0
	419	1
	419	101
	419	171
	419	1789
	420	0
	420	1
	420	1026
	421	0
	421	1
	421	100
	421	112
	421	129
	421	1404
	422	0
	422	1
	422	108
	422	1125
	423	0
	423	1
	423	11
	423	115
	423	136
	423	164
	423	208
	423	2114
	424	0
	424	1
	424	11
	424	1169
	424	1857
	425	0
	425	1
	425	111
	425	140
	425	1437
	425	1618
	425	2099
	426	0
	426	1
	426	100
	426	133
	426	155
	426	171
	426	1962
	426	3739
	427	0
	427	1
	427	1012
	427	1155
	427	1168
	427	1205
	427	1834
	428	0
	428	1
	428	113
	428	123
	428	137
	428	217
	428	230
	428	2339
	429	0
	429	1
	429	107
	429	1110
	429	1272
	429	1505
	429	2163
	429	3208
	429	3220
	430	0
	430	1
	430	1012
	430	1077
	430	1228
	430	1827
	430	4624
	431	0
	431	1
	431	101
	431	125
	431	1384
	431	1753
	432	0
	432	1
	432	105
	432	122
	432	1251
	432	1589
	432	1651
	432	2081
	433	0
	433	1
	433	104
	433	1087
	433	1098
	433	1393
	433	1607
	433	1795
	433	1957
	433	1976
	433	3499
	434	0
	434	1
	434	101
	434	1066
	434	1262
	434	1276
	434	1776
	435	0
	435	1
	435	102
	435	1262
	435	1520
	435	1841
	435	3217
	436	0
	436	1
	436	104
	436	114
	436	128
	436	1359
	436	2567
	437	0
	437	1
	437	11
	437	113
	437	133
	437	146
	437	183
	437	242
	437	263
	437	296
	437	3095
	438	0
	438	1
	438	1025
	438	1076
	439	0
	439	1
	439	1014
	439	4336
	440	0
	440	1
	440	102
	440	112
	440	128
	440	1321
	440	1341
	441	0
	441	1
	441	102
	441	127
	441	150
	441	229
	441	334
	442	0
	442	1
	442	101
	442	136
	442	1491
	443	0
	443	1
	443	103
	443	157
	443	167
	443	179
	443	261
	443	303
	443	349
	443	710
	444	0
	444	1
	444	12
	444	129
	444	170
	444	182
	444	225
	445	0
	445	1
	445	11
	445	117
	445	130
	445	145
	445	156
	445	1840
	446	0
	446	1
	446	103
	446	1130
	446	1248
	447	0
	447	1
	447	103
	447	120
	447	139
	447	1470
	447	1720
	447	2245
	448	0
	448	1
	448	103
	448	113
	448	149
	448	221
	448	237
	448	619
	448	771
	449	0
	449	1
	449	107
	449	1550
	450	0
	450	1
	450	11
	450	124
	450	1244
	451	0
	451	1
	451	108
	451	126
	451	139
	451	154
	451	2469
	452	0
	452	1
	452	11
	452	119
	452	163
	452	185
	452	316
	452	327
	452	954
	453	0
	453	1
	453	103
	453	119
	453	136
	453	146
	453	165
	453	230
	453	311
	453	338
	453	599
	453	782
	454	0
	454	1
	454	105
	454	122
	454	1240
	454	1541
	455	0
	455	1
	455	107
	455	145
	455	1538
	456	0
	456	1
	456	109
	456	131
	456	157
	456	240
	456	2632
	456	3317
	457	0
	457	1
	457	101
	457	1117
	457	1422
	458	0
	458	1
	458	11
	458	119
	458	1322
	458	1589
	459	0
	459	1
	459	100
	459	113
	459	1564
	459	1628
	460	0
	460	1
	460	1002
	460	1122
	460	2385
	461	0
	461	1
	461	103
	461	182
	461	203
	461	236
	461	262
	461	335
	461	375
	461	400
	461	624
	462	0
	462	1
	462	107
	462	121
	462	134
	462	158
	462	183
	462	224
	462	273
	462	306
	462	342
	462	449
	462	932
	463	0
	463	1
	463	104
	463	117
	463	151
	463	1752
	464	0
	464	1
	464	102
	464	132
	464	167
	464	178
	464	211
	464	230
	464	241
	464	374
	465	0
	465	1
	465	11
	465	112
	465	1180
	465	2966
	466	0
	466	1
	466	108
	466	136
	466	148
	466	161
	466	3361
	467	0
	467	1
	467	103
	467	119
	467	131
	467	1332
	468	0
	468	1
	468	114
	468	135
	468	1557
	469	0
	469	1
	469	106
	469	1150
	470	0
	470	1
	470	104
	470	118
	470	1288
	470	2481
	470	2874
	470	3779
	471	0
	471	1
	471	12
	471	135
	471	179
	471	194
	471	2869
	471	3522
	471	3560
	472	0
	472	1
	472	11
	472	118
	472	129
	472	152
	472	1764
	472	2893
	472	3145
	472	3184
	473	0
	473	1
	473	12
	473	123
	473	184
	473	200
	473	242
	473	290
	473	3072
	473	4547
	473	7581
	474	0
	474	1
	474	122
	474	1471
	474	2871
	475	0
	475	1
	475	11
	475	122
	475	163
	475	178
	475	236
	476	0
	476	1
	476	11
	476	145
	476	1959
	477	0
	477	1
	477	11
	477	149
	477	167
	477	184
	477	204
	477	225
	477	512
	477	933
	478	0
	478	1
	478	11
	478	151
	478	171
	478	251
	478	439
	478	579
	479	0
	479	1
	479	103
	479	1042
	479	1224
	480	0
	480	1
	480	103
	480	120
	480	144
	480	154
	480	166
	480	182
	480	213
	480	226
	480	320
	480	380
	480	446
	480	496
	480	508
	480	578
	480	666
	481	0
	481	1
	481	11
	481	128
	481	167
	481	200
	481	226
	481	2602
	482	0
	482	1
	482	104
	482	135
	482	215
	482	512
	482	547
	483	0
	483	1
	483	101
	483	141
	483	162
	483	174
	483	285
	483	486
	483	671
	483	950
	484	0
	484	1
	484	107
	484	164
	484	185
	484	211
	484	255
	484	4096
	485	0
	485	1
	485	11
	485	121
	485	1676
	486	0
	486	1
	486	101
	486	121
	486	229
	487	0
	487	1
	487	11
	487	115
	487	164
	487	178
	487	223
	487	235
	487	254
	487	304
	488	0
	488	1
	488	103
	488	114
	488	145
	488	155
	488	195
	489	0
	489	1
	489	101
	489	115
	489	176
	489	265
	489	648
	489	683
	489	819
	490	0
	490	1
	490	11
	490	119
	490	156
	490	188
	490	259
	491	0
	491	1
	491	109
	491	119
	491	143
	491	190
	492	0
	492	1
	492	103
	492	114
	492	125
	492	147
	492	163
	492	263
	492	486
	493	0
	493	1
	493	105
	493	1329
	494	0
	494	1
	494	11
	494	1213
	495	0
	495	1
	495	106
	495	121
	495	143
	495	1506
	496	0
	496	1
	496	11
	496	1296
	497	0
	497	1
	497	100
	497	142
	497	203
	498	0
	498	1
	498	100
	498	128
	498	1720
	499	0
	499	1
	499	11
	499	190
	499	209
	500	0
	500	1
	500	109
	500	1190
	501	0
	501	1
	501	104
	501	116
	501	626
	501	730
	502	0
	502	1
	502	13
	502	1573
	502	1843
	502	2463
	503	0
	503	1
	503	156
	503	1649
	503	1720
	503	4136
	504	0
	504	1
	504	107
	504	1204
	504	1535
	505	0
	505	1
	505	120
	505	149
	505	163
	505	1759
	505	2649
	505	3426
	505	4053
	506	0
	506	1
	506	1003
	506	2418
	506	2461
	506	3470
	507	0
	507	1
	507	118
	507	133
	507	172
	507	3087
	508	0
	508	1
	508	11
	508	136
	508	348
	508	765
	509	0
	509	1
	509	100
	509	144
	509	264
	509	322
	510	0
	510	1
	510	11
	510	143
	510	153
	510	165
	510	212
	510	278
	511	0
	511	1
	511	102
	511	193
	511	208
	511	260
	511	666
	512	0
	512	1
	512	102
	512	150
	512	230
	512	326
	512	663
	512	696
	513	0
	513	1
	513	100
	513	112
	513	127
	513	156
	513	177
	513	221
	514	0
	514	1
	514	100
	514	110
	514	208
	515	0
	515	1
	515	12
	515	121
	515	133
	515	148
	515	166
	515	187
	515	2739
	516	0
	516	1
	516	105
	516	120
	516	704
	516	714
	516	842
	517	0
	517	1
	517	11
	517	157
	517	187
	517	327
	517	365
	517	476
	518	0
	518	1
	518	11
	518	119
	518	142
	518	202
	518	292
	518	387
	518	411
	518	554
	518	568
	518	636
	518	741
	519	0
	519	1
	519	11
	519	171
	519	1921
	520	0
	520	1
	520	101
	520	119
	520	169
	520	191
	520	276
	520	348
	520	391
	520	560
	520	669
	521	0
	521	1
	521	101
	521	113
	521	1207
	522	0
	522	1
	522	105
	522	115
	522	127
	522	171
	522	312
	522	340
	522	356
	522	4786
	523	0
	523	1
	523	109
	523	2547
	524	0
	524	1
	524	105
	524	123
	524	196
	524	263
	524	818
	524	896
	525	0
	525	1
	525	105
	525	123
	525	1275
	526	0
	526	1
	526	11
	526	174
	526	2327
	527	0
	527	1
	527	11
	527	122
	527	162
	527	199
	527	224
	527	321
	527	361
	527	439
	528	0
	528	1
	528	102
	528	1558
	528	4894
	529	0
	529	1
	529	100
	529	170
	529	236
	529	330
	529	350
	529	547
	529	629
	529	644
	529	746
	530	0
	530	1
	530	101
	530	114
	530	147
	530	1816
	531	0
	531	1
	531	12
	531	123
	531	168
	531	916
	532	0
	532	1
	532	101
	532	113
	532	1229
	533	0
	533	1
	533	11
	533	1260
	533	1928
	534	0
	534	1
	534	11
	534	1271
	534	3123
	534	3300
	535	0
	535	1
	535	11
	535	1635
	536	0
	536	1
	536	11
	536	1574
	537	0
	537	1
	537	11
	537	1159
	537	1402
	537	1444
	538	0
	538	1
	538	106
	538	132
	538	184
	538	262
	538	734
	538	746
	538	840
	539	0
	539	1
	539	103
	539	114
	539	1293
	540	0
	540	1
	540	103
	540	1394
	541	0
	541	1
	541	12
	541	132
	541	199
	541	243
	541	492
	541	603
	541	675
	541	708
	542	0
	542	1
	542	113
	542	124
	542	1397
	543	0
	543	1
	543	101
	543	135
	543	202
	543	252
	543	278
	543	308
	543	409
	543	435
	543	459
	543	495
	543	982
	544	0
	544	1
	544	104
	544	1076
	544	1238
	545	0
	545	1
	545	11
	545	120
	545	1393
	545	1457
	545	1989
	546	0
	546	1
	546	12
	546	121
	546	1508
	546	1924
	547	0
	547	1
	547	127
	547	1313
	548	0
	548	1
	548	100
	548	1014
	548	1579
	549	0
	549	1
	549	100
	549	113
	549	148
	549	194
	549	206
	549	278
	549	3386
	550	0
	550	1
	550	100
	550	1371
	550	1656
	550	1710
	550	5223
	551	0
	551	1
	551	12
	551	139
	551	1628
	551	1700
	551	1937
	551	4146
	551	5030
	552	0
	552	1
	552	1030
	552	1202
	552	1767
	552	1778
	553	0
	553	1
	553	11
	553	136
	553	174
	553	221
	553	244
	553	574
	554	0
	554	1
	554	12
	554	129
	554	141
	554	156
	554	176
	554	208
	554	226
	554	236
	554	279
	554	302
	554	323
	554	343
	554	874
	555	0
	555	1
	555	11
	555	115
	555	125
	555	140
	555	155
	555	175
	555	239
	555	249
	555	340
	555	362
	555	568
	555	921
	556	0
	556	1
	556	12
	556	215
	556	233
	556	250
	556	263
	556	281
	556	308
	556	372
	556	394
	556	477
	557	0
	557	1
	557	101
	557	119
	557	1354
	558	0
	558	1
	558	103
	558	1137
	559	0
	559	1
	559	11
	559	124
	559	148
	559	163
	559	219
	559	285
	559	296
	559	342
	559	682
	560	0
	560	1
	560	1063
	560	1722
	560	1769
	561	0
	561	1
	561	109
	561	120
	561	1214
	561	1249
	562	0
	562	1
	562	1066
	562	1716
	563	0
	563	1
	563	100
	563	1193
	564	0
	564	1
	564	104
	564	114
	564	1354
	565	0
	565	1
	565	109
	565	1199
	566	0
	566	1
	566	1063
	566	1117
	566	1179
	567	0
	567	1
	567	11
	567	112
	567	143
	567	1456
	568	0
	568	1
	568	1000
	568	1751
	569	0
	569	1
	569	113
	569	127
	569	1353
	570	0
	570	1
	570	1082
	570	1585
	571	0
	571	1
	571	101
	571	1198
	572	0
	572	1
	572	109
	572	126
	572	1687
	572	2078
	573	0
	573	1
	573	109
	573	145
	573	156
	573	210
	573	445
	573	484
	573	627
	573	800
	573	869
	574	0
	574	1
	574	104
	574	117
	574	189
	574	250
	574	577
	575	0
	575	1
	575	11
	575	114
	575	1180
	575	2389
	576	0
	576	1
	576	102
	576	1212
	577	0
	577	1
	577	121
	577	157
	577	1687
	578	0
	578	11
	578	186
	578	200
	578	234
	579	0
	579	1
	579	102
	579	1090
	580	0
	580	1
	580	118
	580	128
	580	148
	580	172
	580	244
	580	346
	580	625
	581	0
	581	1
	581	11
	581	1121
	582	0
	582	1
	582	11
	582	113
	582	152
	582	179
	582	228
	582	892
	582	974
	583	0
	583	1
	583	11
	583	129
	583	1338
	584	0
	584	1
	584	104
	584	163
	584	174
	585	0
	585	1
	585	102
	585	114
	585	136
	585	624
	585	890
	586	0
	586	1
	586	100
	586	1082
	587	0
	587	1
	587	107
	587	122
	587	134
	587	1454
	587	1493
	587	1594
	587	1950
	587	2047
	588	0
	588	1
	588	1029
	588	1070
	588	1126
	589	0
	589	1
	589	11
	589	111
	589	127
	589	137
	589	196
	589	244
	589	255
	589	295
	589	324
	589	343
	589	445
	589	537
	589	564
	589	611
	589	745
	590	0
	590	1
	590	102
	590	1028
	590	2085
	590	3248
	591	0
	591	1
	591	104
	591	122
	591	137
	591	1554
	592	0
	592	1
	592	107
	592	120
	592	151
	592	165
	592	1695
	593	0
	593	1
	593	105
	593	120
	593	141
	593	153
	593	252
	593	597
	593	629
	593	642
	593	826
	594	0
	594	1
	594	1133
	595	0
	595	1
	595	102
	595	114
	595	126
	595	137
	595	154
	595	1542
	596	0
	596	1
	596	102
	596	113
	596	1835
	597	0
	597	1
	597	101
	597	112
	597	128
	597	177
	597	300
	597	493
	597	613
	597	629
	597	663
	597	716
	598	0
	598	1
	598	103
	598	141
	598	165
	598	221
	598	275
	598	307
	598	459
	598	491
	598	551
	598	627
	599	0
	599	1
	599	110
	599	154
	599	292
	599	407
	599	578
	599	720
	599	786
	600	0
	600	1
	600	112
	600	135
	600	155
	600	177
	600	444
	600	494
	600	590
	600	616
	600	631
	601	0
	601	1
	601	101
	601	151
	601	1886
	602	0
	602	1
	602	105
	602	115
	602	1375
	602	3841
	602	4051
	603	0
	603	1
	603	11
	603	120
	603	133
	603	294
	603	401
	603	470
	603	591
	603	668
	603	680
	603	789
	604	0
	604	1
	604	12
	604	133
	604	149
	604	1692
	604	1915
	605	0
	605	1
	605	101
	605	124
	605	135
	605	147
	605	157
	605	175
	605	197
	606	0
	606	1
	606	106
	606	146
	606	172
	606	187
	606	235
	606	247
	606	276
	606	358
	607	0
	607	1
	607	102
	607	114
	607	1363
	608	0
	608	1
	608	112
	608	145
	608	160
	608	181
	608	195
	608	225
	608	239
	608	254
	608	335
	608	347
	609	0
	609	1
	609	12
	609	123
	609	1241
	609	1259
	610	0
	610	1
	610	1224
	610	2514
	611	0
	611	1
	611	102
	611	112
	611	149
	611	165
	611	211
	611	2157
	612	0
	612	1
	612	101
	612	131
	612	142
	612	164
	612	177
	612	209
	612	220
	612	274
	612	434
	612	591
	612	798
	612	989
	613	0
	613	1
	613	109
	613	151
	613	180
	613	236
	613	375
	613	459
	613	498
	613	695
	614	0
	614	1
	614	104
	614	115
	614	135
	614	156
	614	242
	614	490
	614	557
	614	601
	614	616
	614	657
	614	737
	614	917
	614	970
	615	0
	615	1
	615	12
	615	145
	615	162
	615	2064
	616	0
	616	1
	616	11
	616	111
	616	140
	616	203
	616	223
	616	254
	616	2739
	617	0
	617	1
	617	14
	617	149
	617	213
	617	230
	617	358
	617	373
	617	393
	617	454
	617	472
	617	660
	617	857
	618	0
	618	1
	618	107
	618	1120
	619	0
	619	1
	619	103
	619	126
	619	186
	619	218
	619	250
	619	271
	619	304
	619	432
	619	618
	619	882
	620	0
	620	1
	620	11
	620	112
	620	172
	620	239
	620	260
	620	552
	620	615
	620	668
	620	735
	620	825
	621	0
	621	1
	621	11
	621	112
	621	128
	622	0
	622	1
	622	11
	622	123
	622	167
	622	188
	622	239
	622	253
	622	506
	623	0
	623	1
	623	100
	623	112
	623	129
	623	195
	623	206
	623	256
	624	0
	624	1
	624	100
	624	116
	624	130
	624	167
	624	179
	624	216
	624	227
	624	242
	624	254
	625	0
	625	1
	625	101
	625	112
	625	127
	625	138
	625	154
	625	170
	625	204
	625	220
	625	5628
	625	5758
	625	5782
	625	5797
	626	0
	626	1
	626	104
	626	114
	626	1420
	626	6180
	626	6206
	627	0
	627	1
	627	105
	627	148
	627	191
	627	215
	627	226
	627	341
	628	0
	628	1
	628	109
	628	121
	628	147
	628	171
	628	184
	628	198
	628	224
	628	243
	628	254
	628	306
	628	317
	628	348
	629	0
	629	1
	629	11
	629	141
	629	171
	629	219
	629	233
	629	248
	629	261
	629	296
	630	0
	630	1
	630	114
	630	135
	630	157
	630	220
	630	248
	630	271
	631	0
	631	1
	631	105
	631	125
	631	1258
	632	0
	632	1
	632	12
	632	149
	632	2175
	633	0
	633	1
	633	108
	633	127
	633	2041
	634	0
	634	1
	634	103
	634	121
	634	133
	634	152
	634	1786
	635	0
	635	1
	635	108
	635	127
	635	141
	635	163
	635	193
	635	224
	635	266
	635	382
	636	0
	636	1
	636	104
	636	120
	636	1245
	637	0
	637	1
	637	11
	637	119
	637	144
	637	154
	637	198
	637	209
	637	235
	637	246
	637	330
	637	425
	638	0
	638	1
	638	1184
	639	0
	639	1
	639	11
	639	111
	639	127
	639	159
	639	201
	639	256
	639	284
	639	398
	639	408
	639	454
	640	0
	640	1
	640	11
	640	168
	640	237
	640	251
	640	262
	640	369
	640	480
	640	499
	640	714
	641	0
	641	1
	641	11
	641	190
	641	207
	642	0
	642	1
	642	11
	642	129
	642	175
	642	246
	642	291
	642	505
	642	825
	643	0
	643	1
	643	112
	643	122
	643	138
	643	167
	643	189
	643	225
	643	255
	644	0
	644	1
	644	11
	644	112
	644	134
	644	2018
	645	0
	645	1
	645	103
	645	116
	645	143
	645	186
	645	347
	646	0
	646	1
	646	11
	646	146
	646	177
	646	210
	646	323
	646	339
	646	619
	647	0
	647	1
	647	103
	647	135
	647	218
	647	243
	647	344
	648	0
	648	1
	648	108
	648	239
	648	314
	648	652
	649	0
	649	1
	649	117
	649	140
	649	159
	649	188
	649	202
	649	332
	649	377
	650	0
	650	1
	650	100
	650	119
	650	130
	650	147
	650	222
	650	247
	650	280
	650	346
	651	0
	651	1
	651	11
	651	131
	651	168
	651	190
	651	204
	651	505
	651	581
	652	0
	652	1
	652	107
	652	135
	652	149
	652	322
	652	358
	652	375
	652	600
	653	0
	653	1
	653	115
	653	125
	653	189
	653	296
	653	322
	653	369
	653	390
	653	421
	653	641
	654	0
	654	1
	654	106
	654	116
	654	130
	654	145
	654	267
	654	305
	654	366
	654	564
	655	0
	655	1
	655	11
	655	118
	655	1257
	656	0
	656	1
	656	12
	656	160
	656	277
	656	318
	656	351
	656	998
	657	0
	657	1
	657	109
	657	119
	657	181
	657	281
	657	296
	658	0
	658	1
	658	103
	658	169
	658	199
	658	304
	659	0
	659	1
	659	108
	659	202
	659	292
	659	304
	659	325
	659	341
	659	410
	659	475
	659	500
	659	529
	659	554
	659	571
	659	602
	660	0
	660	1
	660	109
	660	1191
	660	1250
	661	0
	661	1
	661	106
	661	249
	661	314
	662	0
	662	1
	662	109
	662	275
	662	372
	662	785
	662	805
	663	0
	663	1
	663	11
	663	131
	663	1477
	664	0
	664	1
	664	109
	664	119
	664	130
	664	144
	664	176
	664	404
	664	420
	664	438
	664	648
	664	728
	664	738
	664	755
	664	824
	664	846
	665	0
	665	1
	665	1003
	666	0
	666	1
	666	11
	666	118
	666	166
	666	349
	666	520
	666	747
	667	0
	667	1
	667	11
	667	115
	668	0
	668	1
	668	103
	668	193
	668	226
	669	0
	669	1
	669	102
	669	119
	669	228
	669	837
	669	906
	670	0
	670	1
	670	107
	670	243
	670	253
	670	3451
	671	0
	671	1
	671	11
	671	121
	671	140
	671	1987
	671	2132
	671	4775
	672	0
	672	1
	672	117
	672	1298
	672	1837
	672	2332
	672	3491
	673	0
	673	1
	673	104
	673	13620
	674	0
	674	1
	674	103
	674	117
	674	17143
	675	0
	675	1
	675	11
	675	110
	675	135
	675	1957
	676	0
	676	1
	676	11
	676	169
	676	242
	676	276
	676	355
	676	842
	677	0
	677	1
	677	112
	677	125
	677	137
	677	151
	677	165
	678	0
	678	1
	678	103
	678	129
	678	246
	679	0
	679	1
	679	103
	679	139
	679	447
	679	611
	680	0
	680	1
	680	11
	680	132
	680	147
	680	188
	680	381
	681	0
	681	1
	681	11
	681	110
	681	170
	681	1803
	682	0
	682	1
	682	11
	682	187
	682	471
	683	0
	683	1
	683	105
	683	155
	683	171
	683	196
	683	211
	684	0
	684	1
	684	105
	684	129
	684	143
	684	826
	685	0
	685	1
	685	103
	685	117
	685	134
	685	165
	686	0
	686	1
	686	104
	686	199
	686	250
	686	472
	687	0
	687	1
	687	104
	687	158
	687	176
	687	350
	687	466
	687	887
	688	0
	688	1
	688	126
	688	142
	688	164
	688	207
	688	999
	689	0
	689	1
	689	11
	689	135
	689	163
	689	320
	689	854
	690	0
	690	1
	690	105
	690	118
	690	147
	690	206
	690	248
	691	0
	691	1
	691	11
	691	114
	691	141
	692	0
	692	1
	692	109
	692	194
	692	273
	692	456
	692	776
	692	793
	693	0
	693	1
	693	12
	693	123
	693	140
	693	1877
	694	0
	694	1
	694	11
	694	129
	694	213
	694	266
	694	351
	694	493
	694	580
	695	0
	695	1
	695	118
	695	134
	695	179
	695	1835
	696	0
	696	1
	696	108
	696	122
	696	135
	696	1466
	696	1505
	696	1547
	697	0
	697	1
	697	1078
	697	1678
	698	0
	698	1
	698	12
	698	139
	698	168
	698	3055
	699	0
	699	1
	699	1046
	699	2236
	699	2731
	700	0
	700	1
	700	1153
	700	2566
	700	2582
	701	0
	701	1
	701	11
	701	155
	701	1937
	701	2277
	702	0
	702	1
	702	102
	702	116
	702	172
	702	443
	702	922
	702	949
	703	0
	703	1
	703	106
	703	1089
	703	1228
	703	1568
	703	1971
	703	2042
	704	0
	704	1
	704	101
	704	685
	704	838
	705	0
	705	1
	705	1066
	705	1243
	705	2076
	705	2185
	706	0
	706	1
	706	120
	706	137
	706	194
	706	290
	706	305
	706	453
	706	569
	706	844
	707	0
	707	1
	707	102
	707	125
	707	139
	707	1693
	707	1772
	708	0
	708	1
	708	106
	708	123
	708	136
	708	1389
	708	1655
	708	1823
	708	2093
	708	2265
	708	2547
	709	0
	709	1
	709	107
	709	120
	709	138
	709	1511
	709	2600
	709	2748
	710	0
	710	1
	710	13
	710	138
	710	174
	710	1745
	710	1877
	711	0
	711	1
	711	101
	711	124
	711	134
	711	154
	711	348
	711	499
	711	792
	712	0
	712	1
	712	1077
	712	1670
	712	1731
	712	1758
	712	1818
	713	0
	713	1
	713	1015
	714	0
	714	1
	714	106
	714	1193
	714	8055
	714	9461
	714	9515
	715	0
	715	1
	715	10523
	716	0
	716	1
	716	11
	716	114
	716	137
	716	148
	716	162
	716	193
	716	203
	716	435
	716	619
	716	823
	717	0
	717	1
	717	12
	717	146
	717	209
	717	225
	717	359
	718	0
	718	1
	718	107
	718	1263
	719	0
	719	1
	719	104
	719	115
	719	268
	719	297
	719	383
	719	510
	719	520
	719	629
	720	0
	720	1
	720	12
	720	154
	720	177
	720	1969
	721	0
	721	1
	721	11
	721	130
	721	178
	721	194
	722	0
	722	1
	722	104
	722	1228
	723	0
	723	1
	723	101
	723	116
	723	126
	723	147
	723	172
	723	450
	724	0
	724	1
	724	108
	724	128
	724	177
	724	212
	724	249
	725	0
	725	1
	725	12
	725	1214
	726	0
	726	1
	726	11
	726	157
	727	0
	727	1
	727	11
	727	21
	727	311
	728	0
	728	1
	728	11
	728	160
	728	179
	728	427
	729	0
	729	1
	729	11
	729	112
	729	130
	729	190
	729	203
	730	0
	730	1
	730	11
	730	120
	730	132
	730	170
	730	199
	730	257
	730	455
	730	717
	731	0
	731	1
	731	115
	731	145
	731	176
	731	193
	731	439
	732	0
	732	1
	732	101
	732	111
	732	194
	732	331
	733	0
	733	1
	733	11
	733	185
	733	287
	734	0
	734	1
	734	11
	734	110
	734	157
	735	0
	735	1
	735	100
	735	122
	736	0
	736	1
	736	11
	736	27
	736	38
	736	50
	736	67
	736	77
	737	0
	737	1
	737	100
	737	128
	737	284
	737	374
	738	0
	738	1
	738	122
	738	1230
	739	0
	739	1
	739	11
	739	112
	739	199
	739	394
	740	0
	740	1
	740	101
	740	122
	740	165
	740	187
	740	290
	740	303
	741	0
	741	1
	741	107
	741	131
	741	162
	741	218
	742	0
	742	1
	742	101
	742	115
	742	144
	742	157
	742	167
	742	430
	743	0
	743	1
	743	105
	743	123
	743	197
	743	246
	743	455
	744	0
	744	1
	744	11
	744	134
	744	154
	744	246
	744	283
	745	0
	745	1
	745	108
	745	159
	745	233
	745	298
	745	447
	746	0
	746	1
	746	12
	746	121
	746	1319
	746	1614
	746	1638
	747	0
	747	1
	747	1083
	748	0
	748	1
	748	101
	748	114
	748	125
	748	156
	748	175
	748	219
	748	245
	748	277
	748	300
	748	321
	748	332
	748	420
	749	0
	749	1
	749	11
	749	122
	749	134
	749	150
	749	190
	749	338
	749	390
	749	416
	749	673
	749	730
	750	0
	750	1
	750	100
	750	110
	750	121
	750	1951
	751	0
	751	1
	751	1087
	751	1220
	752	0
	752	1
	752	104
	752	117
	752	129
	752	1854
	753	0
	753	1
	753	102
	753	113
	753	123
	753	133
	753	195
	753	245
	753	515
	754	0
	754	1
	754	101
	754	1027
	754	1182
	754	1910
	755	0
	755	1
	755	11
	755	119
	755	129
	755	142
	755	160
	755	184
	755	209
	755	258
	755	370
	755	409
	756	0
	756	1
	756	11
	756	1114
	756	1488
	756	1503
	756	1871
	756	2483
	757	0
	757	1
	757	11
	757	1150
	757	1569
	757	1584
	758	0
	758	1
	758	101
	758	116
	758	132
	758	145
	758	177
	758	188
	758	2096
	758	2270
	758	3881
	759	0
	759	1
	759	107
	759	122
	759	142
	759	1449
	759	4494
	760	0
	760	1
	760	102
	760	112
	760	141
	760	1465
	760	2121
	761	0
	761	1
	761	107
	761	1132
	761	2202
	762	0
	762	1
	762	105
	762	118
	762	1276
	762	1391
	762	1691
	763	0
	763	1
	763	115
	763	1192
	764	0
	764	1
	764	104
	764	119
	764	137
	764	159
	764	195
	764	241
	764	331
	764	516
	764	542
	764	930
	765	0
	765	1
	765	105
	765	129
	765	145
	765	158
	765	1667
	766	0
	766	1
	766	106
	766	162
	766	185
	766	247
	766	276
	766	315
	766	399
	766	584
	766	747
	767	0
	767	1
	767	106
	767	128
	767	142
	767	158
	767	190
	767	288
	767	3402
	768	0
	768	1
	768	11
	768	111
	768	167
	768	187
	768	256
	768	286
	768	296
	768	324
	768	369
	768	448
	768	574
	769	0
	769	1
	769	100
	769	111
	769	128
	769	163
	769	209
	769	326
	770	0
	770	1
	770	11
	770	110
	770	163
	770	195
	771	0
	771	1
	771	11
	771	111
	771	127
	771	209
	772	0
	772	1
	772	11
	772	144
	772	155
	772	170
	772	214
	772	411
	772	562
	773	0
	773	1
	773	11
	773	162
	773	274
	773	442
	773	528
	773	619
	774	0
	774	1
	774	101
	774	174
	774	202
	774	317
	774	439
	774	483
	775	0
	775	1
	775	100
	775	114
	775	142
	775	176
	775	339
	775	448
	775	575
	776	0
	776	1
	776	108
	776	124
	776	1359
	777	0
	777	1
	777	109
	777	120
	777	1222
	778	0
	778	1
	778	11
	778	142
	778	210
	778	2442
	779	0
	779	1
	779	103
	779	116
	779	141
	779	157
	779	791
	779	890
	779	982
	780	0
	780	1
	780	11
	780	144
	780	1703
	781	0
	781	1
	781	12
	781	1453
	781	1542
	782	0
	782	1
	782	11
	782	1542
	782	1604
	782	1659
	783	0
	783	1
	783	100
	783	1077
	783	1113
	783	1756
	784	0
	784	1
	784	105
	784	123
	784	177
	784	197
	784	225
	784	544
	784	783
	785	0
	785	1
	785	103
	785	152
	785	164
	785	194
	785	251
	785	282
	785	299
	785	439
	785	493
	785	506
	785	558
	785	718
	785	778
	786	0
	786	1
	786	11
	786	119
	786	1247
	787	0
	787	1
	787	101
	787	128
	787	1562
	788	0
	788	1
	788	100
	788	134
	788	1389
	789	0
	789	1
	789	100
	789	115
	789	146
	789	166
	789	620
	789	736
	790	0
	790	1
	790	109
	790	139
	790	169
	790	210
	790	252
	790	295
	790	310
	791	0
	791	1
	791	11
	791	121
	791	131
	791	150
	791	161
	791	1771
	791	5063
	792	0
	792	1
	792	11
	792	115
	792	218
	792	229
	792	304
	792	521
	793	0
	793	1
	793	1007
	793	1114
	793	1582
	794	0
	794	1
	794	102
	794	114
	794	11413
	795	0
	795	1
	795	105
	795	1136
	796	0
	796	1
	796	11
	796	123
	796	147
	796	158
	796	182
	796	195
	796	221
	796	666
	796	789
	797	0
	797	1
	797	102
	797	148
	797	201
	797	270
	797	622
	797	798
	797	824
	797	915
	798	0
	798	1
	798	11
	798	117
	798	136
	798	249
	798	2527
	799	0
	799	1
	799	111
	799	1349
	799	1391
	800	0
	800	1
	800	103
	800	116
	800	132
	800	1576
	800	1678
	801	0
	801	1
	801	105
	801	118
	801	267
	801	485
	801	524
	802	0
	802	1
	802	101
	802	136
	802	150
	802	163
	802	202
	802	233
	802	271
	803	0
	803	1
	803	11
	803	112
	803	167
	803	197
	804	0
	804	1
	804	11
	804	144
	804	176
	804	251
	804	287
	804	300
	804	416
	805	0
	805	1
	805	110
	805	123
	805	138
	805	248
	806	0
	806	1
	806	100
	806	111
	806	155
	806	308
	806	411
	806	576
	807	0
	807	1
	807	108
	807	118
	807	130
	807	1339
	807	1581
	808	0
	808	1
	808	11
	808	114
	808	196
	808	417
	808	614
	809	0
	809	1
	809	108
	809	224
	809	265
	809	285
	810	0
	810	1
	810	11
	810	110
	810	122
	810	187
	810	197
	811	0
	811	1
	811	101
	811	121
	811	157
	811	176
	811	219
	812	0
	812	1
	812	11
	812	112
	812	123
	812	134
	812	148
	812	174
	812	210
	812	808
	813	0
	813	1
	813	11
	813	120
	813	352
	813	413
	814	0
	814	1
	814	100
	814	124
	814	151
	814	1945
	815	0
	815	1
	815	101
	815	1039
	815	1424
	815	1435
	816	0
	816	1
	816	104
	816	118
	816	139
	816	149
	816	166
	816	192
	816	346
	816	362
	816	405
	816	532
	817	0
	817	1
	817	110
	817	122
	817	149
	817	165
	817	276
	817	296
	817	882
	818	0
	818	1
	818	12
	818	140
	818	153
	818	184
	818	285
	818	295
	818	463
	818	675
	818	741
	819	0
	819	1
	819	108
	819	226
	819	410
	819	424
	819	543
	819	806
	820	0
	820	1
	820	11
	820	1143
	821	0
	821	1
	821	11
	821	122
	821	169
	821	591
	822	0
	822	1
	822	11
	822	132
	823	0
	823	1
	823	13
	823	1473
	824	0
	824	1
	824	109
	824	127
	824	140
	824	179
	824	208
	824	253
	824	310
	825	0
	825	1
	825	105
	825	117
	825	134
	825	148
	825	169
	825	183
	825	199
	825	278
	825	865
	826	0
	826	1
	826	100
	826	1154
	826	1219
	827	0
	827	1
	827	101
	827	111
	827	133
	827	1535
	828	0
	828	1
	828	1023
	828	1199
	828	1578
	829	0
	829	1
	829	11
	829	128
	829	141
	829	187
	829	226
	829	247
	829	275
	829	313
	829	357
	829	377
	829	452
	829	579
	830	0
	830	1
	830	107
	830	1229
	831	0
	831	1
	831	100
	831	111
	831	1229
	831	1292
	831	2012
	832	0
	832	1
	832	1019
	832	1398
	833	0
	833	1
	833	109
	833	147
	833	296
	833	314
	833	326
	833	441
	833	459
	833	918
	834	0
	834	1
	834	109
	834	138
	834	175
	834	189
	834	203
	834	297
	834	420
	834	430
	834	454
	834	770
	835	0
	835	1
	835	103
	835	120
	835	130
	835	153
	835	167
	835	234
	835	446
	835	461
	835	540
	835	571
	835	653
	835	703
	835	740
	836	0
	836	1
	836	102
	836	125
	836	152
	836	165
	836	183
	836	218
	836	236
	836	252
	836	266
	836	441
	836	888
	837	0
	837	1
	837	1084
	837	1449
	838	0
	838	1
	838	108
	838	134
	838	197
	838	1988
	839	0
	839	1
	839	11
	839	132
	839	182
	839	2258
	840	0
	840	1
	840	108
	840	1132
	840	1839
	840	1895
	841	0
	841	1
	841	109
	841	145
	841	161
	841	195
	841	277
	841	297
	841	405
	841	456
	842	0
	842	1
	842	101
	842	115
	842	127
	842	168
	842	379
	842	719
	842	817
	842	950
	843	0
	843	1
	843	1053
	843	1927
	844	0
	844	1
	844	105
	844	119
	844	1419
	845	0
	845	1
	845	109
	845	124
	845	144
	845	4253
	846	0
	846	1
	846	107
	846	131
	846	143
	846	192
	846	235
	846	265
	847	0
	847	1
	847	105
	847	1161
	848	0
	848	1
	848	107
	848	1104
	849	0
	849	1
	849	104
	849	1148
	850	0
	850	1
	850	106
	850	122
	850	140
	850	1549
	851	0
	851	1
	851	101
	851	115
	851	134
	851	2060
	851	2893
	852	0
	852	1
	852	104
	852	117
	852	159
	852	186
	852	4028
	853	0
	853	1
	853	110
	853	132
	853	1423
	853	2660
	853	5902
	854	0
	854	1
	854	13
	854	196
	854	235
	855	0
	855	1
	855	11
	855	115
	855	134
	855	1433
	856	0
	856	1
	856	11
	856	110
	856	141
	856	181
	856	193
	856	262
	856	2841
	856	3131
	856	5568
	857	0
	857	1
	857	112
	857	1124
	857	1641
	857	1831
	857	4122
	857	4218
	857	7018
	858	0
	858	1
	858	11
	858	1865
	858	2375
	858	8884
	858	8935
	859	0
	859	1
	859	11
	859	153
	859	1941
	859	2361
	859	5810
	860	0
	860	1
	860	11
	860	1190
	860	2230
	860	3454
	860	4715
	861	0
	861	1
	861	102
	861	144
	861	199
	861	530
	861	601
	861	766
	862	0
	862	1
	862	104
	862	126
	862	143
	862	157
	862	213
	862	403
	862	423
	862	505
	862	564
	862	806
	863	0
	863	1
	863	107
	863	134
	863	148
	863	188
	863	202
	863	228
	863	276
	863	297
	863	422
	863	444
	863	461
	863	590
	863	614
	864	0
	864	1
	864	108
	864	1302
	865	0
	865	1
	865	100
	865	121
	865	137
	865	151
	865	199
	865	228
	865	246
	865	267
	865	570
	865	841
	866	0
	866	1
	866	102
	866	113
	866	128
	866	144
	866	182
	866	206
	866	378
	866	398
	866	4040
	867	0
	867	1
	867	11
	867	119
	867	147
	867	157
	867	173
	867	191
	867	209
	867	228
	867	280
	867	383
	867	684
	867	746
	868	0
	868	1
	868	102
	868	122
	868	151
	868	1582
	869	0
	869	1
	869	1183
	869	1567
	870	0
	870	1
	870	108
	870	136
	870	171
	870	490
	871	0
	871	1
	871	106
	871	123
	871	142
	871	153
	872	0
	872	1
	872	101
	872	1065
	872	1088
	873	0
	873	1
	873	11
	873	117
	873	1361
	873	1392
	873	1962
	874	0
	874	10
	874	101
	874	114
	874	131
	874	171
	874	289
	874	302
	874	3189
	875	0
	875	1
	875	1025
	875	1287
	876	0
	876	1
	876	11
	876	124
	876	1355
	876	2214
	876	2655
	877	0
	877	1
	877	100
	877	113
	877	140
	877	2011
	878	0
	878	1
	878	11
	878	110
	878	123
	878	158
	878	235
	878	322
	879	0
	879	1
	879	11
	879	1102
	879	1290
	880	0
	880	1
	880	11
	880	120
	880	132
	880	147
	880	199
	880	2096
	880	2375
	881	0
	881	1
	881	105
	881	123
	881	1567
	882	0
	882	1
	882	11
	882	111
	882	215
	882	318
	882	343
	882	602
	882	916
	883	0
	883	1
	883	109
	883	1141
	884	0
	884	1
	884	102
	884	201
	884	428
	885	0
	885	1
	885	11
	885	124
	885	144
	885	166
	885	266
	885	627
	885	743
	885	767
	886	0
	886	1
	886	111
	886	156
	886	174
	886	184
	886	247
	886	526
	886	657
	886	947
	887	0
	887	1
	887	105
	887	118
	887	148
	888	0
	888	1
	888	107
	888	195
	888	213
	888	236
	888	302
	889	0
	889	1
	889	11
	889	132
	889	145
	889	242
	889	265
	889	313
	890	0
	890	1
	890	11
	890	225
	890	257
	891	0
	891	1
	891	101
	891	145
	891	211
	891	229
	891	248
	891	304
	892	0
	892	1
	892	11
	892	115
	892	126
	892	194
	892	235
	892	269
	892	319
	892	333
	892	643
	893	0
	893	1
	893	108
	893	121
	893	178
	893	207
	893	350
	894	0
	894	1
	894	103
	894	150
	894	1857
	894	3255
	895	0
	895	1
	895	127
	895	146
	895	158
	895	240
	895	2735
	896	0
	896	1
	896	13
	896	23
	896	281
	896	301
	896	357
	896	620
	897	0
	897	1
	897	113
	897	123
	897	135
	897	198
	897	208
	897	218
	897	313
	897	363
	897	422
	898	0
	898	1
	898	100
	898	1059
	899	0
	899	1
	899	11
	899	144
	899	254
	899	344
	899	398
	900	0
	900	1
	900	12
	900	131
	900	288
	900	307
	900	376
	901	0
	901	1
	901	109
	901	131
	901	170
	901	193
	902	0
	902	1
	902	11
	902	160
	902	839
	903	0
	903	1
	903	103
	903	469
	903	900
	904	0
	904	1
	904	11
	904	122
	904	167
	904	200
	904	244
	904	425
	905	0
	905	1
	905	102
	905	158
	905	178
	905	232
	905	3239
	905	6744
	906	0
	906	1
	906	11
	906	120
	906	130
	906	149
	906	170
	906	186
	906	221
	906	237
	906	516
	907	0
	907	1
	907	100
	907	143
	907	157
	907	178
	907	203
	907	235
	907	295
	907	410
	907	501
	907	571
	907	986
	908	0
	908	1
	908	109
	908	130
	908	164
	908	203
	908	243
	909	0
	909	1
	909	101
	909	1027
	910	0
	910	1
	910	109
	910	124
	910	161
	910	198
	910	430
	911	0
	911	1
	911	11
	911	121
	911	190
	911	215
	911	522
	911	816
	912	0
	912	1
	912	12
	912	190
	912	243
	912	259
	913	0
	913	1
	913	101
	913	126
	913	140
	913	256
	914	0
	914	1
	914	11
	914	125
	914	196
	914	242
	914	373
	914	998
	915	0
	915	1
	915	12
	915	176
	915	202
	915	212
	915	241
	915	342
	916	0
	916	1
	916	1047
	916	2555
	917	0
	917	1
	917	11
	917	180
	917	2117
	918	0
	918	1
	918	14
	918	26
	918	40
	918	50
	918	618
	918	648
	919	0
	919	1
	919	13
	919	177
	919	200
	919	236
	919	626
	919	823
	920	0
	920	1
	920	112
	920	1682
	921	0
	921	1
	921	100
	921	1132
	921	1404
	921	5309
	922	0
	922	1
	922	11
	922	117
	922	190
	922	2160
	923	0
	923	1
	923	110
	923	122
	923	141
	923	607
	923	820
	924	0
	924	1
	924	1086
	925	0
	925	1
	925	1060
	926	0
	926	1
	926	106
	926	123
	926	133
	926	147
	926	166
	926	194
	926	210
	926	305
	926	336
	926	995
	927	0
	927	1
	927	1012
	927	1089
	927	1112
	927	1147
	927	1219
	927	1280
	927	1290
	927	1317
	927	1347
	928	0
	928	1
	928	106
	928	126
	928	1381
	928	1441
	928	1468
	928	1537
	928	2242
	928	2351
	929	0
	929	1
	929	103
	929	1031
	929	1048
	929	1129
	929	1925
	930	0
	930	1
	930	11
	930	1593
	930	1608
	930	1756
	930	2302
	931	0
	931	1
	931	11
	931	1271
	931	1963
	932	0
	932	1
	932	108
	932	246
	932	302
	932	428
	932	448
	932	557
	933	0
	933	1
	933	109
	933	129
	933	165
	933	1908
	933	2227
	933	3943
	934	0
	934	1
	934	11
	934	1106
	935	0
	935	1
	935	1393
	936	0
	936	1
	936	104
	936	127
	936	159
	937	0
	937	1
	937	11
	937	113
	937	134
	937	174
	937	2953
	937	5801
	938	0
	938	1
	938	105
	938	1215
	938	1242
	939	0
	939	1
	939	106
	939	118
	939	131
	939	146
	939	184
	939	233
	939	247
	939	257
	939	318
	940	0
	940	1
	940	102
	940	128
	940	146
	940	167
	940	190
	940	220
	940	274
	940	324
	940	352
	941	0
	941	1
	941	114
	941	140
	941	150
	941	167
	941	266
	942	0
	942	1
	942	11
	942	121
	942	143
	942	276
	942	371
	943	0
	943	1
	943	100
	943	111
	943	128
	943	154
	943	179
	943	247
	943	371
	944	0
	944	1
	944	11
	944	114
	944	161
	944	176
	944	233
	944	894
	945	0
	945	1
	945	106
	945	118
	945	132
	945	337
	945	352
	945	368
	945	388
	945	399
	945	433
	945	614
	946	0
	946	1
	946	1012
	947	0
	947	1
	947	12
	947	131
	947	161
	947	397
	947	519
	947	916
	948	0
	948	1
	948	11
	948	110
	948	140
	948	223
	948	489
	949	0
	949	1
	949	106
	949	128
	949	156
	949	172
	949	228
	949	333
	949	387
	950	0
	950	1
	950	109
	950	160
	950	278
	950	630
	950	653
	950	927
	951	0
	951	1
	951	1043
	951	1335
	951	1441
	951	1795
	952	0
	952	1
	952	11
	952	2490
	953	0
	953	1
	953	16
	953	1656
	954	0
	954	1
	954	100
	954	216
	955	0
	955	1
	955	101
	955	115
	955	166
	955	293
	955	342
	955	421
	955	558
	955	603
	955	887
	956	0
	956	1
	956	1022
	957	0
	957	1
	957	124
	957	213
	957	242
	957	256
	957	346
	957	433
	957	472
	957	916
	957	993
	958	0
	958	1
	958	106
	958	230
	958	296
	958	3459
	959	0
	959	1
	959	103
	959	113
	959	130
	959	171
	959	258
	959	301
	959	447
	959	566
	959	804
	959	881
	960	0
	960	1
	960	11
	960	158
	960	191
	960	205
	960	225
	960	2995
	961	0
	961	1
	961	108
	961	1414
	961	1474
	962	0
	962	1
	962	11
	962	139
	962	1873
	962	2170
	962	2232
	963	0
	963	1
	963	13
	963	138
	963	236
	963	2685
	964	0
	964	1
	964	12
	964	1528
	964	1733
	964	2355
	964	5629
	965	0
	965	1
	965	101
	965	141
	965	154
	965	222
	965	232
	965	284
	965	341
	965	3680
	966	0
	966	1
	966	105
	966	118
	966	174
	966	222
	966	241
	966	260
	966	3062
	967	0
	967	1
	967	117
	967	168
	967	184
	967	301
	967	393
	967	520
	968	0
	968	1
	968	12
	968	1821
	969	0
	969	1
	969	101
	969	179
	969	213
	969	6287
	970	0
	970	1
	970	115
	970	1406
	970	1521
	971	0
	971	1
	971	113
	971	1595
	971	1727
	971	3265
	972	0
	972	1
	972	109
	972	1230
	972	1309
	973	0
	973	1
	973	105
	973	115
	973	299
	973	327
	973	458
	973	550
	973	667
	974	0
	974	1
	974	11
	974	1271
	975	0
	975	1
	975	126
	975	243
	975	354
	975	421
	976	0
	976	1
	976	100
	976	110
	976	159
	976	2373
	976	5395
	977	0
	977	1
	977	109
	977	269
	977	965
	978	0
	978	1
	978	11
	978	111
	978	139
	978	166
	978	299
	978	340
	979	0
	979	1
	979	100
	979	114
	979	135
	979	179
	979	210
	980	0
	980	1
	980	109
	980	146
	980	1892
	981	0
	981	1
	981	100
	981	126
	981	177
	981	208
	981	220
	982	0
	982	1
	982	124
	982	134
	982	155
	982	169
	982	197
	982	392
	982	618
	983	0
	983	1
	983	12
	983	120
	983	236
	983	3039
	983	3107
	983	4851
	984	0
	984	1
	984	114
	984	133
	984	143
	984	168
	984	178
	984	207
	984	2748
	985	0
	985	1
	985	11
	985	118
	985	131
	985	147
	985	304
	985	357
	986	0
	986	1
	986	106
	986	136
	986	182
	986	200
	986	226
	986	580
	986	962
	987	0
	987	1
	987	102
	987	139
	987	188
	987	245
	987	290
	988	0
	988	1
	988	11
	988	118
	988	139
	988	149
	988	1658
	989	0
	989	1
	989	11
	989	111
	989	121
	989	132
	989	145
	989	164
	989	262
	989	407
	990	0
	990	1
	990	11
	990	156
	990	237
	990	248
	990	280
	990	546
	990	565
	991	0
	991	1
	991	11
	991	139
	991	149
	991	2047
	992	0
	992	1
	992	11
	992	131
	992	144
	992	163
	992	2491
	993	0
	993	1
	993	12
	993	123
	993	177
	993	196
	993	473
	993	490
	993	508
	993	577
	993	785
	994	0
	994	1
	994	103
	994	170
	994	181
	994	204
	994	217
	994	3184
	995	0
	995	1
	995	11
	995	141
	995	159
	995	174
	995	209
	995	231
	995	262
	995	351
	995	371
	995	408
	995	552
	995	807
	996	0
	996	1
	996	11
	996	112
	996	158
	996	231
	996	245
	996	262
	996	2675
	997	0
	997	1
	997	109
	997	125
	997	143
	997	154
	997	170
	997	358
	997	374
	997	406
	998	0
	998	1
	998	103
	998	156
	998	202
	998	354
	998	438
	999	0
	999	1
	999	11
	999	212
	999	223
	999	269
	999	289
	999	322
	999	379
	999	438
	999	466
