2013-07-18	9	9	0
2013-07-19	7	3	5
2013-07-20	11	7	3
2013-07-21	2	0	9
2013-07-22	15	13	0
2013-07-23	3	0	12
2013-07-24	10	7	0
2013-07-25	13	9	6
2013-07-26	13	8	8
2013-07-27	40	29	2
2013-07-28	19	10	31
2013-07-29	82	71	8
2013-07-30	123	77	36
2013-07-31	278	198	43
2013-08-01	489	309	98
2013-08-02	586	248	151
2013-08-03	560	200	226
2013-08-04	599	225	186
2013-08-05	604	198	193
2013-08-06	693	256	167
2013-08-07	687	213	219
2013-08-08	663	193	217
2013-08-09	716	246	193
2013-08-10	640	189	265
2013-08-11	724	248	164
2013-08-12	697	202	229
2013-08-13	691	200	206
2013-08-14	724	231	198
2013-08-15	746	226	204
2013-08-16	773	236	209
2013-08-17	699	171	245
2013-08-18	663	181	217
2013-08-19	738	244	169
2013-08-20	718	181	201
2013-08-21	690	181	209
2013-08-22	649	133	174
2013-08-23	714	202	137
2013-08-24	605	112	221
2013-08-25	663	207	149
2013-08-26	694	205	174
2013-08-27	638	153	209
2013-08-28	643	180	175
2013-08-29	650	186	179
2013-08-30	682	197	165
2013-08-31	686	184	180
2013-09-01	693	228	221
2013-09-02	701	213	205
2013-09-03	650	160	211
2013-09-04	725	229	154
2013-09-05	661	162	226
2013-09-06	721	233	173
2013-09-07	671	175	225
2013-09-08	675	173	169
2013-09-09	627	138	186
2013-09-10	670	178	135
2013-09-11	718	199	151
2013-09-12	657	154	215
2013-09-13	715	204	146
2013-09-14	703	164	176
2013-09-15	686	172	189
2013-09-16	713	205	178
2013-09-17	750	203	166
2013-09-18	732	188	206
2013-09-19	737	209	204
2013-09-20	761	234	210
2013-09-21	752	210	219
2013-09-22	685	160	227
2013-09-23	756	263	192
2013-09-24	812	229	173
2013-09-25	745	151	218
2013-09-26	736	207	216
2013-09-27	681	170	225
2013-09-28	756	253	178
2013-09-29	699	166	223
2013-09-30	741	208	166
2013-10-01	756	221	206
2013-10-02	745	187	198
2013-10-03	698	179	226
2013-10-04	664	159	193
2013-10-05	696	198	166
2013-10-06	706	186	176
2013-10-07	750	245	201
2013-10-08	700	176	226
2013-10-09	763	199	136
2013-10-10	659	140	244
2013-10-11	703	174	130
2013-10-12	820	269	152
2013-10-13	831	217	206
2013-10-14	752	200	279
2013-10-15	754	197	195
2013-10-16	765	180	169
2013-10-17	703	151	213
2013-10-18	737	201	167
2013-10-19	733	180	184
2013-10-20	753	199	179
2013-10-21	740	190	203
2013-10-22	735	178	183
2013-10-23	733	172	174
2013-10-24	795	209	147
2013-10-25	778	188	205
2013-10-26	754	180	204
2013-10-27	712	182	224
2013-10-28	754	214	172
2013-10-29	759	192	187
2013-10-30	726	198	231
2013-10-31	771	214	169
2013-11-01	811	228	188
2013-11-02	742	177	246
2013-11-03	810	266	198
2013-11-04	805	216	221
2013-11-05	736	167	236
2013-11-06	730	183	189
2013-11-07	689	164	205
2013-11-08	719	193	163
2013-11-09	690	159	188
2013-11-10	790	251	151
2013-11-11	755	195	230
2013-11-12	743	190	202
2013-11-13	715	157	185
2013-11-14	702	164	177
2013-11-15	776	255	181
2013-11-16	746	205	235
2013-11-17	770	199	175
2013-11-18	777	211	204
2013-11-19	797	210	190
2013-11-20	832	218	183
2013-11-21	801	195	226
2013-11-22	819	227	209
2013-11-23	810	217	226
2013-11-24	822	238	226
2013-11-25	853	265	234
2013-11-26	873	232	212
2013-11-27	837	205	241
2013-11-28	786	178	229
2013-11-29	804	231	213
2013-11-30	757	182	229
2013-12-01	785	232	204
2013-12-02	745	192	232
2013-12-03	780	219	184
2013-12-04	738	184	226
2013-12-05	722	189	205
2013-12-06	693	148	177
2013-12-07	762	221	152
2013-12-08	774	213	201
2013-12-09	699	171	246
2013-12-10	671	152	180
2013-12-11	755	216	132
2013-12-12	753	153	155
2013-12-13	732	173	194
2013-12-14	762	229	199
2013-12-15	754	195	203
2013-12-16	730	197	221
2013-12-17	828	261	163
2013-12-18	735	146	239
2013-12-19	690	172	217
2013-12-20	692	170	168
2013-12-21	722	207	177
2013-12-22	658	142	206
2013-12-23	645	159	172
2013-12-24	692	202	155
2013-12-25	624	152	220
2013-12-26	699	233	158
2013-12-27	708	186	177
2013-12-28	722	186	172
2013-12-29	711	190	201
2013-12-30	670	178	219
2013-12-31	751	240	159
2014-01-01	736	210	225
2014-01-02	741	201	196
2014-01-03	658	153	236
2014-01-04	727	225	156
2014-01-05	683	155	199
2014-01-06	699	175	159
2014-01-07	655	171	215
2014-01-08	695	207	167
2014-01-09	648	169	216
2014-01-10	661	199	186
2014-01-11	655	160	166
2014-01-12	614	144	185
2014-01-13	636	181	159
2014-01-14	606	166	196
2014-01-15	597	169	178
2014-01-16	583	155	169
2014-01-17	593	166	156
2014-01-18	603	157	147
2014-01-19	529	130	204
2014-01-20	555	168	142
2014-01-21	558	156	153
2014-01-22	590	189	157
2014-01-23	546	132	176
2014-01-24	599	168	115
2014-01-25	560	138	177
2014-01-26	658	254	156
2014-01-27	650	181	189
2014-01-28	658	186	178
2014-01-29	638	169	189
2014-01-30	647	167	158
2014-01-31	649	182	180
2014-02-01	566	141	224
2014-02-02	642	207	131
2014-02-03	602	146	186
2014-02-04	669	206	139
2014-02-05	733	263	199
2014-02-06	729	216	220
2014-02-07	674	177	232
2014-02-08	745	238	167
2014-02-09	672	169	242
2014-02-10	725	203	150
2014-02-11	639	164	250
2014-02-12	588	149	200
2014-02-13	532	133	189
2014-02-14	575	183	140
2014-02-15	622	187	140
2014-02-16	643	193	172
2014-02-17	643	189	189
2014-02-18	674	202	171
2014-02-19	652	159	181
2014-02-20	653	169	168
2014-02-21	647	165	171
2014-02-22	640	175	182
2014-02-23	665	187	162
2014-02-24	655	182	192
2014-02-25	675	198	178
2014-02-26	637	146	184
2014-02-27	672	187	152
2014-02-28	712	206	166
2014-03-01	753	233	192
2014-03-02	724	203	232
2014-03-03	675	163	212
2014-03-04	694	168	149
2014-03-05	701	176	169
2014-03-06	709	164	156
2014-03-07	648	152	213
2014-03-08	708	231	171
2014-03-09	702	194	200
2014-03-10	657	142	187
2014-03-11	674	158	141
2014-03-12	645	125	154
2014-03-13	680	168	133
2014-03-14	664	156	172
2014-03-15	651	177	190
2014-03-16	641	157	167
2014-03-17	635	158	164
2014-03-18	614	150	171
2014-03-19	634	181	161
2014-03-20	604	159	189
2014-03-21	598	160	166
2014-03-22	600	164	162
2014-03-23	606	174	168
2014-03-24	553	114	167
2014-03-25	582	163	134
2014-03-26	637	210	155
2014-03-27	614	172	195
2014-03-28	641	172	145
2014-03-29	651	181	171
2014-03-30	691	215	175
2014-03-31	813	292	170
2014-04-01	743	197	267
2014-04-02	746	204	201
2014-04-03	755	203	194
2014-04-04	776	239	218
2014-04-05	797	221	200
2014-04-06	754	180	223
2014-04-07	706	179	227
2014-04-08	749	201	158
2014-04-09	680	123	192
2014-04-10	744	197	133
2014-04-11	755	185	174
2014-04-12	681	128	202
2014-04-13	409	76	348
2014-04-14	410	99	98
2014-04-15	399	98	109
2014-04-16	392	104	111
2014-04-17	382	89	99
2014-04-18	431	120	71
2014-04-19	364	63	130
2014-04-20	342	61	83
2014-04-21	370	101	73
2014-04-22	364	78	84
2014-04-23	369	88	83
2014-04-24	301	50	118
2014-04-25	297	66	70
2014-04-26	276	61	82
2014-04-27	326	103	53
2014-04-28	328	81	79
2014-04-29	295	50	83
2014-04-30	340	79	34
2014-05-01	289	56	107
2014-05-02	276	60	73
2014-05-03	276	70	70
2014-05-04	311	85	50
2014-05-05	363	93	41
2014-05-06	331	65	97
2014-05-07	294	47	84
2014-05-08	313	80	61
2014-05-09	313	62	62
2014-05-10	321	84	76
2014-05-11	284	39	76
2014-05-12	287	71	68
2014-05-13	255	29	61
2014-05-14	327	106	34
2014-05-15	274	53	106
2014-05-16	286	78	66
2014-05-17	276	54	64
2014-05-18	276	62	62
2014-05-19	293	69	52
2014-05-20	304	67	56
2014-05-21	303	59	60
2014-05-22	282	37	58
2014-05-23	277	54	59
2014-05-24	283	83	77
2014-05-25	326	99	56
2014-05-26	255	56	127
2014-05-27	235	57	77
2014-05-28	234	62	63
2014-05-29	251	73	56
2014-05-30	242	46	55
2014-05-31	238	59	63
2014-06-01	258	78	58
2014-06-02	244	56	70
2014-06-03	230	49	63
2014-06-04	233	46	43
2014-06-05	186	41	88
2014-06-06	180	59	65
2014-06-07	209	78	49
2014-06-08	204	49	54
2014-06-09	573	395	26
2014-06-10	733	297	137
2014-06-11	537	129	325
2014-06-12	511	160	186
2014-06-13	747	370	134
2014-06-14	500	109	356
2014-06-15	388	124	236
2014-06-16	357	118	149
2014-06-17	402	157	112
2014-06-18	381	142	163
2014-06-19	346	122	157
2014-06-20	306	107	147
2014-06-21	261	117	162
2014-06-22	288	148	121
2014-06-23	223	78	143
2014-06-24	221	114	116
2014-06-25	310	166	77
2014-06-26	252	79	137
2014-06-27	228	96	120
2014-06-28	273	139	94
2014-06-29	338	169	104
2014-06-30	289	99	148
2014-07-01	317	133	105
2014-07-02	293	133	157
2014-07-03	298	142	137
2014-07-04	316	130	112
2014-07-05	275	89	130
2014-07-06	251	91	115
2014-07-07	266	130	115
2014-07-08	299	155	122
2014-07-09	259	100	140
2014-07-10	185	86	160
2014-07-11	223	98	60
2014-07-12	168	52	107
2014-07-13	159	74	83
2014-07-14	62	24	121
2014-07-15	64	32	30
2014-07-16	105	57	16
2014-07-17	131	57	31
2014-07-18	76	12	67
2014-07-19	77	28	27
2014-07-20	79	29	27
2014-07-21	78	32	33
2014-07-22	77	25	26
2014-07-23	63	12	26
2014-07-24	99	48	12
2014-07-25	65	11	45
2014-07-26	67	28	26
2014-07-27	68	31	30
2014-07-28	78	32	22
2014-07-29	85	32	25
2014-07-30	83	25	27
2014-07-31	59	14	38
2014-08-01	88	47	18
2014-08-02	75	11	24
2014-08-03	74	24	25
2014-08-04	90	39	23
2014-08-05	114	54	30
2014-08-06	114	25	25
2014-08-07	101	23	36
2014-08-08	89	22	34
2014-08-09	145	76	20
2014-08-10	92	12	65
2014-08-11	131	61	22
2014-08-12	149	54	36
2014-08-13	205	94	38
2014-08-14	194	67	78
2014-08-15	212	73	55
2014-08-16	329	153	36
2014-08-17	410	196	115
2014-08-18	325	108	193
2014-08-19	409	188	104
2014-08-20	462	170	117
2014-08-21	508	170	124
2014-08-22	500	131	139
2014-08-23	479	124	145
2014-08-24	486	172	165
2014-08-25	488	165	163
2014-08-26	500	189	177
2014-08-27	492	143	151
2014-08-28	525	160	127
2014-08-29	505	147	167
2014-08-30	470	123	158
2014-08-31	542	178	106
2014-09-01	549	187	180
2014-09-02	601	176	124
2014-09-03	593	141	149
2014-09-04	623	157	127
2014-09-05	601	141	163
2014-09-06	567	135	169
2014-09-07	562	133	138
2014-09-08	594	159	127
2014-09-09	636	193	151
2014-09-10	595	121	162
2014-09-11	584	125	136
2014-09-12	620	184	148
2014-09-13	620	153	153
2014-09-14	607	159	172
2014-09-15	564	141	184
2014-09-16	602	169	131
2014-09-17	662	172	112
2014-09-18	608	129	183
2014-09-19	663	186	131
2014-09-20	546	96	213
2014-09-21	514	122	154
2014-09-22	579	189	124
2014-09-23	569	142	152
2014-09-24	688	266	147
2014-09-25	689	205	204
2014-09-26	652	194	231
2014-09-27	628	170	194
2014-09-28	614	179	193
2014-09-29	592	164	186
2014-09-30	597	170	165
2014-10-01	591	177	183
2014-10-02	564	142	169
2014-10-03	629	204	139
2014-10-04	639	190	180
2014-10-05	541	123	221
2014-10-06	516	123	148
2014-10-07	518	150	148
2014-10-08	555	163	126
2014-10-09	547	120	128
2014-10-10	540	136	143
2014-10-11	581	166	125
2014-10-12	537	148	192
2014-10-13	572	170	135
2014-10-14	555	144	161
2014-10-15	557	125	123
2014-10-16	561	162	158
2014-10-17	577	165	149
2014-10-18	572	148	153
2014-10-19	306	42	308
2014-10-20	543	305	68
2014-10-21	526	112	129
2014-10-22	599	186	113
2014-10-23	569	146	176
2014-10-24	585	150	134
2014-10-25	583	156	158
2014-10-26	578	159	164
2014-10-27	611	163	130
2014-10-28	646	143	108
2014-10-29	607	135	174
2014-10-30	694	203	116
2014-10-31	631	141	204
2014-11-01	619	138	150
2014-11-02	645	164	138
2014-11-03	645	171	171
2014-11-04	615	115	145
2014-11-05	672	177	120
2014-11-06	697	137	112
2014-11-07	629	136	204
2014-11-08	627	160	162
2014-11-09	641	155	141
2014-11-10	645	152	148
2014-11-11	612	137	170
2014-11-12	629	171	154
2014-11-13	592	150	187
2014-11-14	564	138	166
2014-11-15	639	214	139
2014-11-16	604	150	185
2014-11-17	588	158	174
2014-11-18	617	174	145
2014-11-19	601	152	168
2014-11-20	547	126	180
2014-11-21	611	203	139
2014-11-22	620	179	170
2014-11-23	627	172	165
2014-11-24	294	35	368
2014-11-25	36	13	271
2014-11-26	38	25	23
2014-11-27	89	72	21
2014-11-28	505	439	23
2014-11-29	656	256	105
2014-11-30	646	188	198
2014-12-01	666	191	171
2014-12-02	634	151	183
2014-12-03	601	140	173
2014-12-04	619	181	163
2014-12-05	637	168	150
2014-12-06	636	181	182
2014-12-07	613	127	150
2014-12-08	579	147	181
2014-12-09	571	140	148
2014-12-10	570	129	130
2014-12-11	506	102	166
2014-12-12	504	138	140
2014-12-13	533	132	103
2014-12-14	565	169	137
2014-12-15	535	120	150
2014-12-16	573	171	133
2014-12-17	560	145	158
2014-12-18	555	168	173
2014-12-19	312	36	279
2014-12-20	47	14	279
2014-12-21	39	26	34
2014-12-22	101	84	22
2014-12-23	267	196	30
2014-12-24	510	285	42
2014-12-25	597	196	109
2014-12-26	557	134	174
2014-12-27	573	135	119
2014-12-28	604	155	124
2014-12-29	485	89	208
2014-12-30	509	139	115
2014-12-31	523	150	136
2015-01-01	559	151	115
2015-01-02	515	125	169
2015-01-03	567	167	115
2015-01-04	560	118	125
2015-01-05	464	78	174
2015-01-06	489	134	109
2015-01-07	520	122	91
2015-01-08	486	96	130
2015-01-09	590	189	85
2015-01-10	600	143	133
2015-01-11	504	103	199
2015-01-12	519	165	150
2015-01-13	485	111	145
2015-01-14	535	160	110
2015-01-15	497	106	144
2015-01-16	494	121	124
2015-01-17	529	160	125
2015-01-18	561	151	119
2015-01-19	502	137	196
2015-01-20	574	193	121
2015-01-21	557	139	156
2015-01-22	501	121	177
2015-01-23	512	163	152
2015-01-24	475	107	144
2015-01-25	521	168	122
2015-01-26	609	218	130
2015-01-27	630	214	193
2015-01-28	557	143	216
2015-01-29	527	136	166
2015-01-30	493	105	139
2015-01-31	484	116	125
2015-02-01	480	125	129
2015-02-02	490	128	118
2015-02-03	527	150	113
2015-02-04	469	105	163
2015-02-05	498	149	120
2015-02-06	465	88	121
2015-02-07	438	95	122
2015-02-08	491	141	88
2015-02-09	490	122	123
2015-02-10	458	107	139
2015-02-11	441	112	129
2015-02-12	442	108	107
2015-02-13	515	171	98
2015-02-14	558	153	110
2015-02-15	483	99	174
2015-02-16	499	130	114
2015-02-17	446	85	138
2015-02-18	432	99	113
2015-02-19	472	136	96
2015-02-20	428	119	163
2015-02-21	394	80	114
2015-02-22	440	133	87
2015-02-23	395	95	140
2015-02-24	447	146	94
2015-02-25	467	154	134
2015-02-26	425	111	153
2015-02-27	428	154	151
2015-02-28	456	148	120
2015-03-01	453	147	150
2015-03-02	425	122	150
2015-03-03	406	129	148
2015-03-04	398	100	108
2015-03-05	407	93	84
2015-03-06	421	136	122
2015-03-07	433	128	116
2015-03-08	385	88	136
2015-03-09	394	111	102
2015-03-10	406	106	94
2015-03-11	405	105	106
2015-03-12	428	124	101
2015-03-13	396	90	122
2015-03-14	438	155	113
2015-03-15	452	135	121
2015-03-16	420	99	131
2015-03-17	445	114	89
2015-03-18	400	74	119
2015-03-19	410	102	92
2015-03-20	479	149	80
2015-03-21	404	93	168
2015-03-22	348	83	139
2015-03-23	413	169	104
2015-03-24	408	108	113
2015-03-25	364	88	132
2015-03-26	421	132	75
2015-03-27	398	87	110
2015-03-28	411	112	99
2015-03-29	345	98	164
2015-03-30	383	138	100
2015-03-31	418	123	88
2015-04-01	353	81	146
2015-04-02	392	133	94
2015-04-03	341	81	132
2015-04-04	370	123	94
2015-04-05	380	112	102
2015-04-06	406	113	87
2015-04-07	414	138	130
2015-04-08	407	91	98
2015-04-09	387	102	122
2015-04-10	389	139	137
2015-04-11	397	119	111
2015-04-12	382	114	129
2015-04-13	410	127	99
2015-04-14	321	83	172
2015-04-15	329	88	80
2015-04-16	353	133	109
2015-04-17	395	175	133
2015-04-18	379	111	127
2015-04-19	341	86	124
2015-04-20	395	141	87
2015-04-21	406	117	106
2015-04-22	410	115	111
2015-04-23	379	91	122
2015-04-24	350	76	105
2015-04-25	380	146	116
2015-04-26	392	118	106
2015-04-27	394	128	126
2015-04-28	327	76	143
2015-04-29	382	143	88
2015-04-30	463	181	100
2015-05-01	477	125	111
2015-05-02	434	104	147
2015-05-03	418	95	111
2015-05-04	353	78	143
2015-05-05	321	72	104
2015-05-06	427	160	54
2015-05-07	385	91	133
2015-05-08	398	109	96
2015-05-09	410	108	96
2015-05-10	350	69	129
2015-05-11	312	74	112
2015-05-12	344	120	88
2015-05-13	365	121	100
2015-05-14	315	98	148
2015-05-15	305	96	106
2015-05-16	332	120	93
2015-05-17	370	143	105
2015-05-18	395	119	94
2015-05-19	349	90	136
2015-05-20	363	92	78
2015-05-21	374	99	88
2015-05-22	369	114	119
2015-05-23	301	82	150
2015-05-24	328	110	83
2015-05-25	270	49	107
2015-05-26	264	76	82
2015-05-27	258	63	69
2015-05-28	278	97	77
2015-05-29	375	154	57
2015-05-30	326	95	144
2015-05-31	354	136	108
2015-06-01	307	77	124
2015-06-02	349	117	75
2015-06-03	321	87	115
2015-06-04	283	75	113
2015-06-05	286	86	83
2015-06-06	325	121	82
2015-06-07	358	97	64
2015-06-08	334	97	121
2015-06-09	404	129	59
2015-06-10	409	115	110
2015-06-11	320	57	146
2015-06-12	367	126	79
2015-06-13	371	110	106
2015-06-14	483	176	64
2015-06-15	394	70	159
2015-06-16	318	78	154
2015-06-17	323	88	83
2015-06-18	357	105	71
2015-06-19	366	101	92
2015-06-20	419	149	96
2015-06-21	329	66	156
2015-06-22	268	75	136
2015-06-23	317	124	75
2015-06-24	265	88	140
2015-06-25	271	93	87
2015-06-26	258	88	101
2015-06-27	271	102	89
2015-06-28	259	92	104
2015-06-29	256	105	108
2015-06-30	210	67	113
2015-07-01	262	114	62
2015-07-02	295	92	59
2015-07-03	287	99	107
2015-07-04	301	102	88
2015-07-05	361	112	52
2015-07-06	328	106	139
2015-07-07	374	118	72
2015-07-08	321	75	128
2015-07-09	359	105	67
