0	91406285181	289252636030
1	71125489222	221132648211
10	39026949959	151297882690
11	42639295515	175070888160
12	37305413245	179911554664
13	62174979184	188366900103
14	42617970364	146863652356
15	48130567332	155797034413
16	42244597051	162249145653
17	44070426319	177708240389
18	45438636163	192301556409
19	61970585182	220242909677
2	47780195239	147569920424
20	84992663945	257597359862
21	85713318069	306942303546
22	108699583095	335037549760
23	108853388271	325607344122
3	31044678900	101482773543
4	26193112209	75596091436
5	19906274843	79368215687
6	26550490842	108347685788
7	28181446323	132489697088
8	30576624637	154448709042
9	35326249274	186400658844
