001	2261
002	834
003	576
004	389
005	259
006	216
007	173
008	123
009	105
010	88
011	78
012	76
013	73
014	51
015	46
016	67
017	54
018	43
019	45
020	27
021	27
022	30
023	30
024	20
025	24
026	20
027	26
028	13
029	12
030	20
031	11
032	17
033	7
034	9
035	14
036	13
037	16
038	2
039	10
040	9
041	11
042	4
043	5
044	11
045	5
046	9
047	6
048	10
049	8
050	6
051	6
052	5
053	4
054	8
055	10
056	4
057	2
058	4
059	3
060	3
061	5
062	5
063	5
064	4
065	6
066	1
067	4
068	3
069	5
070	4
071	5
072	4
073	3
074	4
075	4
076	3
077	2
078	3
079	3
080	5
081	2
082	1
084	2
086	4
087	5
088	1
089	2
090	2
091	1
093	2
094	1
095	1
096	1
098	2
101	2
102	2
103	3
104	3
105	2
106	3
107	3
108	2
109	2
111	2
113	3
116	2
118	1
120	1
122	1
123	3
124	1
126	1
127	1
129	4
131	1
132	2
134	1
135	2
137	1
139	2
140	2
141	1
143	1
144	1
145	1
147	1
148	1
150	1
152	1
154	1
159	2
162	1
174	2
175	1
177	1
178	1
179	2
189	1
191	1
192	1
193	1
194	1
198	2
201	2
207	1
210	1
222	1
223	2
224	1
233	1
234	1
235	1
255	1
280	1
287	1
297	1
326	1
336	1
337	1
346	1
361	1
370	1
375	1
388	1
403	1
416	1
454	1
475	1
