0	14545342248	68679615485
1	7959019782	55675341768
10	11345268313	45973515249
11	12820972181	61332514785
12	10573793366	63962807568
13	7605713586	49389542798
14	9769891877	38180898791
15	8947258484	40515537911
16	11438168009	33343640549
17	9970131455	34636251493
18	13384085648	46769444189
19	13790815377	40836439096
2	6292551115	30943149731
20	13771383733	40218962997
21	15006916940	47873772930
22	12235804493	39396131148
23	13790916253	54599673726
3	4565837554	18037628966
4	4455892020	14125859695
5	2490878810	9028231425
6	2745324295	15246830757
7	5817840016	21524256413
8	9437793486	32782322206
9	9371924531	41330736712
