001	1945
002	111
003	113
004	119
005	129
006	124
007	148
008	165
009	123
010	138
011	128
012	126
013	111
014	137
015	130
016	122
017	117
018	123
019	114
020	126
021	99
022	117
023	109
024	107
025	87
026	81
027	76
028	81
029	91
030	75
031	91
032	62
033	82
034	69
035	64
036	67
037	54
038	62
039	48
040	44
041	57
042	36
043	33
044	41
045	48
046	35
047	40
048	38
049	31
050	31
051	25
052	36
053	19
054	19
055	21
056	21
057	19
058	16
059	16
060	19
061	13
062	13
063	14
064	18
065	16
066	9
067	6
068	6
069	9
070	6
071	6
072	6
073	8
074	9
075	3
076	8
077	3
078	9
079	3
080	5
081	3
082	8
083	1
084	7
085	1
086	2
087	5
088	2
089	5
090	4
091	2
092	2
093	3
094	3
096	2
097	1
098	1
099	2
100	2
101	2
102	1
103	2
105	1
106	1
107	2
109	1
110	1
112	1
117	2
118	1
120	1
122	1
127	1
137	1
140	2
161	1
163	1
